
 45

((((t45: 0.015571, (t5: 0.003787, t17: 0.003346): 0.011121): 0.008763, (((t2: 0.016838, t39: 0.014893): 0.003402, (t9: 0.009379, (t10: 0.006222, (t15: 0.007135, (t40: 0.003440, t19: 0.003202): 0.003831): 0.000588): 0.004782): 0.011575): 0.001172, (((t20: 0.013954, t38: 0.016122): 0.007226, (t37: 0.033171, (t42: 0.012314, (t34: 0.014983, (t27: 0.011935, (t36: 0.003727, t12: 0.004214): 0.006225): 0.006364): 0.001767): 0.004311): 0.003396): 0.003662, (((t26: 0.006314, (t31: 0.007810, t35: 0.006298): 0.000905): 0.005475, ((t11: 0.007825, (t7: 0.004047, t6: 0.003383): 0.003797): 0.005075, t21: 0.015826): 0.000853): 0.006521, t32: 0.017474): 0.010010): 0.000517): 0.002871): 0.004997, ((t4: 0.040493, (t3: 0.014652, ((t41: 0.006826, t25: 0.006748): 0.000783, (t1: 0.004244, (t13: 0.001746, t44: 0.001956): 0.003471): 0.004556): 0.009504): 0.024614): 0.002243, (t14: 0.013877, ((t24: 0.006895, t18: 0.008823): 0.003007, ((t23: 0.003056, (t43: 0.002409, t8: 0.002073): 0.001093): 0.003809, (t30: 0.004217, (t22: 0.001445, t16: 0.001653): 0.002434): 0.003074): 0.002971): 0.005508): 0.020440): 0.000484): 0.002142, t33: 0.027267, (t28: 0.015315, t29: 0.015418): 0.033635);

  0.002142  0.004997  0.008763  0.015571  0.011121  0.003787  0.003346  0.002871  0.001172  0.003402  0.016838  0.014893  0.011575  0.009379  0.004782  0.006222  0.000588  0.007135  0.003831  0.003440  0.003202  0.000517  0.003662  0.007226  0.013954  0.016122  0.003396  0.033171  0.004311  0.012314  0.001767  0.014983  0.006364  0.011935  0.006225  0.003727  0.004214  0.010010  0.006521  0.005475  0.006314  0.000905  0.007810  0.006298  0.000853  0.005075  0.007825  0.003797  0.004047  0.003383  0.015826  0.017474  0.000484  0.002243  0.040493  0.024614  0.014652  0.009504  0.000783  0.006826  0.006748  0.004556  0.004244  0.003471  0.001746  0.001956  0.020440  0.013877  0.005508  0.003007  0.006895  0.008823  0.002971  0.003809  0.003056  0.001093  0.002409  0.002073  0.003074  0.004217  0.002434  0.001445  0.001653  0.027267  0.033635  0.015315  0.015418

 -0.654743 -0.267437 -0.092467 -0.017624 -0.138882 -0.568283 -0.631913 -1.021377 -5.927618 -0.544572 -0.015456  0.056923  0.000000 -0.190300 -0.254895 -0.202756 -17.004397 -0.176998 -0.553037 -0.627793 -0.755880 -17.645697 -0.431920 -0.128872  0.013060  0.142351 -0.481053  0.000000 -0.271242 -0.035075 -0.690287  0.088030 -0.128838  0.018838 -0.091110 -0.441895 -0.379516 -0.060800 -0.132432 -0.283809 -0.287911 -6.244250 -0.176879 -0.296158 -0.955973  0.062257 -0.166481 -0.591327 -0.467118 -0.663650 -0.055725  0.005149 -10.257778 -0.606763 -0.042237 -0.096434 -0.045320  0.018019 -6.738807 -0.180955 -0.319586 -0.305218 -0.434713 -0.597175 -2.204985 -2.255066 -0.014118  0.085112 -0.247185 -0.775613 -0.175306 -0.142804 -1.000818 -0.565516 -1.043531 -5.845809 -1.637947 -2.380997 -0.874646 -0.515583 -1.389817 -4.620252 -3.629069  0.025781 -0.168237  0.038268  0.070795


Hessian

 -1.516e+07 -4.919e+05 -3.036e+04 -1.649e+04 -6.098e+04  1.183e+05      -3754 -1.438e+04 -2.182e+05 -3.571e+05  1.906e+04  4.725e+04 -8.619e+04  7.185e+04  3.909e+04 -1.117e+05   2.23e+05 -4.331e+04  9.015e+04 -1.159e+05  4.524e+04 -3.395e+05 -1.562e+05 -4.223e+04 -2.669e+04 -7.914e+04 -2.498e+05 -3.086e+04 -1.509e+05 -1.888e+04 -4.808e+04  6.069e+04       9528  1.354e+04  4.823e+04      -8093  6.461e+04 -1.326e+05 -2.658e+05  1.091e+05  1.486e+05  5.977e+04 -1.526e+04  1.536e+05 -2.049e+04       1128  6.949e+04  4.697e+04   1.95e+05  9.769e+04 -2.241e+04 -4.581e+04 -1.123e+06 -2.352e+05  4.032e+04  1.613e+04  6.049e+04 -4.049e+04  1.149e+05  9.055e+04  1.053e+05     -453.8  -2.85e+04 -1.295e+05 -1.001e+05 -7.678e+04 -9.549e+04   2.38e+04  2.942e+04 -2.613e+04  8.636e+04 -2.346e+04  9.337e+04 -5.044e+04   6.54e+04  1.519e+05  5.719e+04 -1.562e+05  1.192e+04 -1.343e+04  1.417e+05 -1.095e+05  -4.05e+04 -8.813e+05 -5.517e+05 -4.583e+04 -4.814e+04
 -4.919e+05 -1.186e+07 -3.469e+04 -4.106e+04  5.681e+04 -4.774e+04 -5.825e+04 -8.454e+05 -3.416e+05 -2.576e+05  -2.13e+04 -1.004e+05 -8.798e+04       6934  -8.98e+04  1.228e+04 -1.113e+05 -1.149e+05  7.355e+04 -4.325e+04  5.948e+04  -2.55e+05 -4.723e+05 -1.564e+05     -552.7 -1.294e+04 -2.476e+05       3611 -1.785e+05 -1.583e+04 -3.495e+05  -4.42e+04  3.253e+04      -2520 -5.724e+04  4.546e+04 -1.315e+05 -1.296e+05 -7.881e+04 -6.344e+04  1.424e+05  5.739e+04  3.115e+04 -1.857e+04 -5.927e+04  6.753e+04  1.551e+05  5.567e+04  2.602e+04  7.746e+04       2821 -5.092e+04 -2.286e+06 -3.362e+05 -1.066e+05 -1.369e+05  -9.23e+04 -1.175e+05  7.741e+04  3.603e+04  1.287e+05 -7.538e+04 -2.353e+04 -2.134e+05   -9.6e+04  -2.21e+04 -2.033e+05 -9.996e+04  -1.68e+05  9.274e+04  5.212e+04 -2.948e+04 -5.272e+04 -2.314e+05  1.023e+05 -1.276e+05 -1.323e+05 -7.153e+04  -1.19e+05  8.044e+04  -1.31e+05  1.159e+05  1.168e+05 -1.168e+05   -4.1e+04      -9227  1.677e+04
 -3.036e+04 -3.469e+04 -7.067e+06 -1.025e+05  -2.07e+05 -2.403e+04 -3.502e+04 -3.941e+05 -1.569e+05  5.229e+04 -2.185e+04 -4.725e+04 -2.165e+05      -8658 -1.268e+05  4.667e+04  1.751e+05  6.025e+04 -1.771e+04       8976  1.327e+05 -1.513e+05  -2.49e+05 -3.301e+04  -2.64e+04  4.272e+04 -1.144e+05 -1.017e+04 -1.665e+05  1.898e+04 -2.329e+05  2.556e+04 -4.268e+04  3.863e+04 -8.499e+04       7363  5.101e+04 -8.898e+04 -8.854e+04 -2.232e+04  6.464e+04  1.657e+05 -1.139e+04 -3.346e+04  9.884e+04  8.064e+04  -5.79e+04 -6.948e+04 -5.615e+04 -5.376e+04      -7375 -1.418e+04 -1.288e+04  -2.93e+04  1.226e+04 -1.336e+04       6980 -1.414e+04  5.572e+04   4.71e+04  6.259e+04  1.002e+05  1.259e+04  2.418e+04 -6.288e+04  1.516e+05 -1.733e+04      -7042 -3.508e+04      -5829   8.33e+04  3.714e+04  9.109e+04 -7.704e+04 -4.881e+04 -8.322e+04  1.288e+04  1.252e+05 -9.728e+04 -2.494e+04 -6.411e+04  4.267e+04 -3.179e+04 -4.911e+04     -395.3      -8511  3.015e+04
 -1.649e+04 -4.106e+04 -1.025e+05 -4.161e+06 -3.074e+04      -2028 -4.819e+04 -1.164e+04  8.227e+04 -2.167e+04      -4924  6.457e+04       4641      424.2  6.075e+04  7.648e+04 -7.423e+04  1.057e+05  5.469e+04      -9488  1.552e+05 -1.873e+05 -3.237e+04  5.687e+04      -4866 -2.664e+04  3.021e+04  7.478e+04  1.358e+04  2.305e+04  1.845e+04  1.005e+04  1.494e+04  5.994e+04  5.945e+04  2.097e+04   1.48e+04 -4.873e+04  2.665e+04       2221  6.603e+04  1.352e+05  9.722e+04  4.077e+04 -6.525e+04 -1.754e+04  4.266e+04  5.781e+04  8.468e+04  5.932e+04  1.601e+04  1.023e+04  4.684e+04 -4.422e+04  6.123e+04  2.667e+04  7.133e+04 -3.035e+04       5751  5.294e+04  6.441e+04      -2691  8.331e+04  2.435e+04 -2.418e+04 -3.082e+04  2.685e+04       8558 -4.773e+04  5.495e+04  6.053e+04     -412.1  3.781e+04 -3.301e+04  4.147e+04  7.148e+04  9.266e+04  5.243e+04       6113       5055  1.053e+04  1.373e+05  1.681e+05       6799    3.8e+04    6.2e+04  4.879e+04
 -6.098e+04  5.681e+04  -2.07e+05 -3.074e+04 -5.704e+06 -6.444e+04 -9.955e+04 -8.831e+04 -1.425e+05  -4.71e+04      -4694 -3.839e+04 -1.236e+05       7232   2.33e+04  1.085e+05  3.132e+04 -2.228e+04  -1.97e+04  3.409e+04  1.117e+05 -1.811e+05 -6.584e+04    1.2e+04  3.679e+04       9030 -1.187e+05  5.042e+04 -3.124e+04  1.175e+04 -6.649e+04 -6.293e+04  -2.12e+04  3.596e+04  4.879e+04 -2.303e+04 -5.398e+04 -5.926e+04      -1162  4.099e+04  5.112e+04  2.189e+05  7.567e+04  5.562e+04  2.817e+04   1.58e+04  4.528e+04  6.914e+04      -8589  1.331e+05 -2.729e+04  2.116e+04 -1.145e+04  8.116e+04   5.97e+04  1.663e+04  5.727e+04  3.373e+04  -1.53e+04      -9466  1.371e+04  4.645e+04  1.156e+05  1.419e+05 -3.194e+04   1.96e+05  4.122e+04       4096      -3382  6.389e+04       1728  7.324e+04  3.247e+04  8.713e+04  3.797e+04  5.354e+04  1.925e+04  1.131e+04  9.977e+04  1.305e+05 -1.201e+05   6.72e+04  6.461e+04       4350  4.693e+04 -1.127e+04  5.609e+04
  1.183e+05 -4.774e+04 -2.403e+04      -2028 -6.444e+04 -1.744e+07 -1.053e+06  -2.05e+05 -3.092e+05 -4.694e+04  3.969e+04  1.193e+05  6.445e+04  3.439e+04 -1.619e+04 -1.074e+05 -4.449e+04 -1.044e+05 -8.255e+04  1.324e+05  4.168e+04  1.704e+05 -1.041e+05  1.619e+05  9.517e+04  2.055e+04  1.656e+04  5.394e+04 -1.956e+04   5.09e+04 -1.336e+05       2998  1.169e+05  2.627e+04  7.127e+04      -9308  6.185e+04  4.491e+04  1.267e+05  3.667e+04      -1730  1.644e+05 -1.867e+04  1.626e+04  1.784e+05  1.665e+05       4154  4.908e+04  5.392e+04  6.121e+04       8986      -3728 -2.032e+05  6.633e+04  4.549e+04  7.289e+04  1.005e+05  1.006e+05  7.664e+04       8679  1.974e+04      639.5  4.607e+04    1.2e+04  9.727e+04  1.211e+05  8.927e+04   2.85e+04 -1.031e+04 -1.266e+04  1.032e+05 -3.671e+04  8.113e+04       3978  5.917e+04  2.481e+05    1.1e+05 -2.415e+04   4.59e+04 -5.859e+04      -2108  4.675e+04  1.618e+05  3.466e+04  9.747e+04   8.48e+04 -3.088e+04
      -3754 -5.825e+04 -3.502e+04 -4.819e+04 -9.955e+04 -1.053e+06 -1.957e+07  1.293e+05 -3.673e+05 -2.491e+05 -9.586e+04 -6.224e+04  6.715e+04  6.014e+04  8.574e+04 -2.959e+05  1.895e+05       3890  4.048e+04 -1.068e+05  9.203e+04   1.51e+04 -1.647e+05  8.145e+04  6.274e+04  5.692e+04 -1.943e+05  1.611e+04      -1333  -3.84e+04       8120       6153      -5709  1.088e+05  2.854e+04       5673  1.715e+05       7634  4.885e+04  8.702e+04  8.519e+04   1.35e+05  -1.99e+05  8.713e+04   1.09e+05  3.874e+04  5.393e+04  1.207e+05 -3.941e+04 -2.482e+05      -8241  2.691e+04  1.639e+05  6.863e+04   3.63e+04   4.08e+04  7.755e+04  1.267e+05  3.235e+04  5.011e+04 -7.174e+04  1.801e+04  1.524e+05 -4.313e+04  1.382e+04  2.208e+05  4.285e+04  1.056e+05  1.683e+05  9.268e+04 -3.333e+04 -3.682e+04 -1.185e+05  8.355e+04  2.225e+05  2.505e+05  1.003e+05  -3.45e+05  1.033e+05  4.141e+04  1.988e+05       7917  5.001e+04  1.192e+05  8.343e+04 -2.763e+04   4.11e+04
 -1.438e+04 -8.454e+05 -3.941e+05 -1.164e+04 -8.831e+04  -2.05e+05  1.293e+05  -2.08e+07 -1.099e+06 -1.757e+05  1.334e+04 -3.631e+04 -1.377e+05  3.873e+04 -4.579e+04  1.693e+05 -3.291e+05  3.299e+04  1.613e+05  4.769e+04  2.278e+04  -1.54e+06 -4.385e+05  -1.64e+05  6.305e+04  1.006e+05 -1.135e+05  1.902e+04 -2.681e+05  4.315e+04 -1.151e+05 -1.141e+05 -1.788e+04  6.855e+04     -562.4 -4.812e+04 -2.715e+04 -2.071e+05 -2.035e+04  6.631e+04  5.119e+04  1.711e+05      230.8  1.185e+05  4.235e+04  2.156e+04  1.741e+04  1.033e+05  7.082e+04 -1.299e+05 -5.522e+04 -5.362e+04 -3.044e+05 -7.405e+04  1.841e+04 -3.673e+04 -8.271e+04 -1.199e+05 -1.192e+05   1.29e+04   3.04e+04 -1.195e+05  -9.71e+04  -1.23e+05 -5.363e+05  1.478e+05 -1.196e+05      -2734 -1.744e+05 -5.166e+04  1.234e+04 -1.525e+04 -4.247e+04 -2.578e+05      -4506  2.528e+05  8.115e+04  2.131e+04  1.509e+04 -1.623e+04   1.28e+04 -2.047e+05  2.182e+04 -7.696e+04 -7.425e+04 -1.331e+04  1.691e+04
 -2.182e+05 -3.416e+05 -1.569e+05  8.227e+04 -1.425e+05 -3.092e+05 -3.673e+05 -1.099e+06 -4.452e+07 -1.504e+06  -2.13e+05 -1.434e+05 -6.427e+05  1.669e+04 -9.185e+04  1.339e+05  6.875e+04  4.534e+04 -1.469e+05  1.809e+05   7.25e+04 -2.703e+06 -5.645e+05 -2.993e+05   3.21e+04 -1.589e+04 -5.176e+05 -4.066e+04 -2.997e+05      -4784 -1.138e+05  -1.85e+05  1.429e+05 -1.418e+05 -2.194e+04  1.646e+05  1.154e+05  -2.79e+05 -1.194e+05 -2.055e+05 -2.118e+05 -4.666e+05       4299 -4.367e+04 -2.807e+05 -3.224e+05  1.184e+05  1.966e+05   -1.4e+05  1.046e+05  1.836e+04       2915 -8.024e+05 -1.551e+04      949.9 -6.105e+04       7663 -1.385e+05  1.892e+05  2.335e+04  1.015e+05  2.175e+04  2.432e+04  8.252e+04 -2.256e+05  2.455e+05 -2.315e+04       9983 -1.458e+05 -1.654e+05  9.925e+04      -5472 -5.383e+05  6.146e+04  4.072e+04   1.63e+05  2.041e+05  2.128e+05 -2.023e+05 -3.629e+05 -1.582e+05 -1.063e+05 -2.377e+05  -3.52e+04 -1.362e+05 -1.312e+04 -1.003e+05
 -3.571e+05 -2.576e+05  5.229e+04 -2.167e+04  -4.71e+04 -4.694e+04 -2.491e+05 -1.757e+05 -1.504e+06 -1.579e+07 -4.425e+05 -6.093e+05       4988 -3.698e+04 -1.594e+05  7.434e+04  1.745e+05 -4.187e+04  5.056e+04 -1.385e+05 -2.816e+05 -8.216e+05  -6.59e+05 -3.048e+05       6603 -7.595e+04 -3.025e+05 -6.843e+04 -2.405e+05  1.514e+04 -3.351e+05      -3389  8.383e+04 -7.983e+04  1.138e+04  2.886e+04 -3.465e+04 -2.692e+05 -1.535e+05   3.71e+04  2.633e+04 -3.021e+05 -2.271e+05  6.645e+04  -2.45e+05 -1.804e+05  3.164e+04  4.563e+04  1.107e+05  7.258e+04 -4.992e+04   5.95e+04 -1.974e+05 -2.641e+05  -7.07e+04      -1049 -1.576e+04      -7853 -6.214e+04  7.372e+04 -1.196e+05  7.508e+04  1.373e+05 -1.514e+05  -3.63e+05  4.502e+04 -9.284e+04 -4.863e+04       3333 -1.549e+05  9.717e+04   6.54e+04 -2.891e+04 -1.277e+05 -1.676e+05  2.433e+05  1.202e+05      -2053  1.176e+05       5237 -2.313e+05  3.064e+04 -2.683e+05 -2.292e+04 -4.172e+04      -8479      -4972
  1.906e+04  -2.13e+04 -2.185e+04      -4924      -4694  3.969e+04 -9.586e+04  1.334e+04  -2.13e+05 -4.425e+05 -3.699e+06  3.682e+04 -6.267e+04      -2228  4.658e+04  9.379e+04  1.734e+05  1.956e+04  7.328e+04 -5.095e+04 -1.022e+05 -2.523e+05 -9.056e+04 -4.886e+04   2.89e+04 -1.836e+04 -2.875e+04  3.479e+04  -1.14e+05      -3075 -1.162e+05 -2.344e+04 -1.872e+04      -2363 -4.148e+04    4.5e+04 -1.342e+05 -4.994e+04 -1.675e+05 -1.637e+04      -1643  4.921e+04 -8.155e+04  4.426e+04  6.692e+04  1.599e+04 -4.473e+04 -4.073e+04  1.232e+04 -1.512e+05       8548 -4.693e+04 -1.809e+05 -1.788e+05       8217      -4716       9233  1.523e+04       3520 -3.117e+04 -1.082e+04      -1728  1.166e+04      -5555 -3.939e+05  5.494e+04  5.963e+04 -5.067e+04  2.877e+04       7280      -8828  4.944e+04  3.918e+04 -2.433e+04  1.144e+05  6.819e+04 -4.116e+04   1.31e+05  8.041e+04 -2.673e+04 -6.612e+04 -4.147e+04 -1.509e+05 -1.034e+04  3.595e+04       4915  5.559e+04
  4.725e+04 -1.004e+05 -4.725e+04  6.457e+04 -3.839e+04  1.193e+05 -6.224e+04 -3.631e+04 -1.434e+05 -6.093e+05  3.682e+04 -4.322e+06       6537       9000       7018  1.453e+04      823.9  7.558e+04  2.921e+04 -4.194e+04 -8.949e+04 -1.281e+05 -8.155e+04  4.426e+04  3.217e+04  2.325e+04 -4.042e+04  3.882e+04 -3.063e+04       4144  3.388e+04 -3.189e+04      -7422 -2.352e+04 -4.242e+04  1.892e+04 -9.906e+04 -4.254e+04 -1.225e+04   1.55e+04  7.661e+04 -1.404e+05 -1.003e+05 -1.283e+04  5.565e+04  9.916e+04  7.421e+04  1.162e+05 -6.008e+04 -9.273e+04 -1.307e+04  3.741e+04 -6.588e+04 -2.638e+04  2.855e+04  4.226e+04  3.941e+04  8.967e+04  7.263e+04  6.831e+04  1.335e+04  1.304e+04   3.89e+04  8.293e+04  1.282e+05  3.945e+04   1.65e+04  4.373e+04      -9163  3.252e+04  7.825e+04   3.35e+04  9.024e+04 -9.499e+04  4.965e+04  3.736e+04   1.64e+05  6.149e+04  9.186e+04  4.968e+04  7.498e+04  1.401e+04 -7.219e+04  1.478e+04  4.925e+04  3.862e+04  6.374e+04
 -8.619e+04 -8.798e+04 -2.165e+05       4641 -1.236e+05  6.445e+04  6.715e+04 -1.377e+05 -6.427e+05       4988 -6.267e+04       6537 -5.588e+06 -1.901e+04 -2.767e+05       5820 -1.282e+05 -2.879e+05 -5.921e+04 -3.991e+05 -1.773e+05 -3.358e+05 -1.432e+05 -1.055e+04 -2.368e+04      -5587 -1.767e+05  -4.88e+04 -1.207e+05 -1.983e+04 -8.249e+04 -5.558e+04 -7.552e+04       8276 -2.537e+04 -7.103e+04       1254 -6.758e+04 -8.355e+04 -1.742e+05   8.56e+04 -8.235e+04  1.634e+04 -3.024e+04 -1.221e+05 -6.476e+04       2366  9.438e+04  2.745e+04 -1.256e+04      -9332   2.77e+04 -4.858e+05 -5.571e+04  3.502e+04  3.973e+04   4.43e+04 -3.181e+04  1.254e+05   -1.9e+05  1.289e+05  6.101e+04  1.018e+05  1.465e+05   4.93e+04  1.379e+05      -9268 -1.005e+04  5.812e+04  1.701e+04  2.454e+04  1.781e+04  1.165e+04 -1.579e+04 -1.982e+04  7.557e+04  2.668e+04       9006      -7104  3.181e+04 -8.667e+04 -2.865e+04  1.263e+05 -3.031e+04  1.394e+04  4.009e+04  6.497e+04
  7.185e+04       6934      -8658      424.2       7232  3.439e+04  6.014e+04  3.873e+04  1.669e+04 -3.698e+04      -2228       9000 -1.901e+04 -7.028e+06 -3.199e+05 -5.892e+04  -2.74e+05 -2.083e+04 -1.354e+05 -3.546e+05 -2.839e+05  3.292e+04 -8.191e+04  9.764e+04 -2.884e+04  2.934e+04 -1.624e+04  4.907e+04 -9.491e+04 -1.972e+04 -1.741e+04 -6.255e+04  1.964e+04       3503 -8.167e+04  3.528e+04 -1.873e+04      -6548 -3.967e+04  1.501e+05      -5350  1.057e+05  1.018e+05 -1.011e+05  6.928e+04  1.069e+04       2022  -8.33e+04 -9.222e+04  5.803e+04       4877  -1.89e+04  1.296e+05  9.445e+04  6.246e+04  5.716e+04  7.206e+04  6.196e+04  1.434e+05  7.811e+04  6.045e+04      -5426  1.135e+05   1.43e+05       6632 -1.717e+04  5.317e+04 -3.873e+04  5.283e+04   2.46e+04  1.153e+05  1.891e+04  1.119e+04 -3.807e+04  8.009e+04  1.222e+05 -9.282e+04  6.605e+04  6.351e+04  1.432e+05  8.873e+04  1.716e+05  -2.27e+04  8.665e+04  1.901e+04  3.436e+04  6.791e+04
  3.909e+04  -8.98e+04 -1.268e+05  6.075e+04   2.33e+04 -1.619e+04  8.574e+04 -4.579e+04 -9.185e+04 -1.594e+05  4.658e+04       7018 -2.767e+05 -3.199e+05 -1.243e+07 -4.341e+05 -1.524e+06 -5.027e+05 -5.538e+05 -5.521e+05 -5.415e+05 -2.102e+05  -4.94e+04  6.577e+04  1.927e+04  1.026e+05  4.392e+04 -2.018e+04 -6.278e+04 -5.111e+04 -4.843e+04  2.367e+04  2.257e+04 -1.522e+05 -7.383e+04 -2.515e+05 -1.482e+04 -5.317e+04 -8.358e+04  -4.47e+04  1.382e+04 -7.101e+04  3.921e+04 -5.909e+04  1.532e+04  -4.72e+04 -2.095e+04  8.343e+04  1.585e+04       3123 -5.188e+04     -452.7 -4.904e+05       9252  9.177e+04  5.723e+04 -1.945e+04  5.248e+04  7.878e+04 -1.179e+05 -1.292e+04  4.666e+04  1.608e+05  -2.85e+04  8.059e+04  4.285e+04  1.882e+04 -1.331e+04  2.221e+04  3.013e+04  1.437e+05  6.275e+04  1.185e+05   9.72e+04 -8.516e+04  8.043e+04 -5.019e+04 -6.496e+04 -6.161e+04 -8.041e+04 -2.192e+04  6.625e+04  2.559e+04  2.247e+04  6.637e+04 -3.466e+04  2.257e+04
 -1.117e+05  1.228e+04  4.667e+04  7.648e+04  1.085e+05 -1.074e+05 -2.959e+05  1.693e+05  1.339e+05  7.434e+04  9.379e+04  1.453e+04       5820 -5.892e+04 -4.341e+05 -1.017e+07 -1.077e+06 -5.155e+05 -6.527e+05 -7.506e+05 -3.811e+05   2.38e+05  9.306e+04  1.301e+04  6.032e+04  6.817e+04  1.751e+04  6.517e+04  2.447e+04 -6.503e+04  6.785e+04  1.774e+04 -8.398e+04   5.38e+04 -5.818e+04 -1.737e+05 -1.012e+05  1.228e+05      115.8       7407  5.161e+04  5.616e+04       2156   6.36e+04 -2.519e+04 -1.436e+05   3.87e+04      917.6  2.264e+04 -1.959e+05 -4.948e+04  4.585e+04  1.497e+05  1.823e+05   6.79e+04  9.518e+04  6.751e+04  1.126e+05 -1.041e+05  7.715e+04  1.408e+04  3.679e+04 -7.725e+04  1.489e+05 -5.721e+04  7.297e+04  1.309e+05       2632  6.166e+04  5.448e+04  9.373e+04  5.961e+04       6778  1.561e+05  1.639e+04  1.956e+05  1.975e+05 -7.922e+04  8.932e+04  1.618e+05  1.478e+05  2.324e+05 -1.871e+05  2.094e+04  6.237e+04  6.749e+04  7.645e+04
   2.23e+05 -1.113e+05  1.751e+05 -7.423e+04  3.132e+04 -4.449e+04  1.895e+05 -3.291e+05  6.875e+04  1.745e+05  1.734e+05      823.9 -1.282e+05  -2.74e+05 -1.524e+06 -1.077e+06 -8.367e+07 -1.073e+06 -1.161e+06 -5.205e+05 -2.518e+05  1.875e+05  1.788e+05  1.895e+05 -7.352e+04 -6.003e+04 -5.299e+05  2.083e+04  1.314e+05 -4.851e+04  1.308e+05  7.181e+04   8.55e+04 -3.859e+05      -8706 -7.432e+04 -2.933e+04  -1.02e+05  1.967e+05  2.132e+05 -2.851e+04  2.064e+05  1.379e+05  1.824e+05  2.213e+05  1.102e+05  1.671e+04 -1.174e+05  1.426e+05  2.053e+05 -2.432e+04      -6966  2.021e+05  1.338e+05  1.364e+05  4.556e+04  9.123e+04  6.641e+04 -8.624e+05  3.748e+04  1.818e+05 -1.587e+05  2.392e+05  2.257e+05 -7.153e+05  2.277e+05  1.989e+05  8.647e+04  1.912e+05 -2.787e+05  4.799e+04  5.226e+04   2.19e+05  2.128e+05  1.723e+05 -2.946e+05  2.181e+05 -2.195e+05   4.66e+04 -1.018e+05   2.07e+05  2.374e+05  2.275e+05  1.474e+05  1.177e+05  1.639e+05  1.308e+05
 -4.331e+04 -1.149e+05  6.025e+04  1.057e+05 -2.228e+04 -1.044e+05       3890  3.299e+04  4.534e+04 -4.187e+04  1.956e+04  7.558e+04 -2.879e+05 -2.083e+04 -5.027e+05 -5.155e+05 -1.073e+06 -9.085e+06 -4.918e+05 -6.404e+05 -2.983e+05  -5.03e+05  5.905e+04 -6.309e+04  2.122e+04 -8.455e+04 -8.953e+04  7.529e+04  3.982e+04  4.744e+04  3.577e+04 -1.872e+05 -1.068e+05  -5.88e+04      -2381 -1.196e+04 -5.935e+04  5.099e+04  1.153e+05  4.197e+04  1.532e+04  1.262e+05 -3.055e+05 -1.957e+04 -8.229e+04 -2.764e+04 -1.881e+05 -1.245e+05  1.078e+05      -4625  -7.81e+04  5.959e+04  8.193e+04       4755  5.945e+04  5.874e+04   5.49e+04   7.25e+04  2.574e+04  3.076e+04  7.558e+04  5.058e+04  3.685e+04  -5.02e+04 -1.696e+05  2.721e+04  5.628e+04 -5.047e+04  7.877e+04  5.109e+04 -3.984e+04  1.426e+05  1.397e+05  1.075e+05 -2.032e+05 -5.524e+05  8.863e+04 -4.332e+05 -4.843e+05 -3.251e+04       4890 -8.189e+04 -2.864e+05       8306  8.365e+04  -2.17e+04  4.856e+04
  9.015e+04  7.355e+04 -1.771e+04  5.469e+04  -1.97e+04 -8.255e+04  4.048e+04  1.613e+05 -1.469e+05  5.056e+04  7.328e+04  2.921e+04 -5.921e+04 -1.354e+05 -5.538e+05 -6.527e+05 -1.161e+06 -4.918e+05 -1.625e+07 -5.574e+05 -2.837e+05 -2.786e+05 -1.371e+05      -2949 -1.093e+04  4.689e+04 -1.055e+05  5.879e+04  5.139e+04       7324  1.079e+05       4077 -2.065e+04 -5.551e+04 -1.399e+05  1.234e+05 -6.519e+04      -3766 -3.738e+04       8282 -7.357e+04  4.078e+04  8.244e+04 -9.045e+04  4.899e+04 -4.809e+04  -1.36e+04  2.935e+04 -1.523e+04  1.167e+05 -5.627e+04 -1.059e+05  1.954e+05  6.744e+04  1.047e+05  9.262e+04  8.893e+04  1.543e+05 -1.796e+05  5.453e+04  1.386e+04      -3288  1.823e+05  4.505e+04 -3.373e+05  -5.33e+04   1.21e+05  1.273e+05  1.117e+05 -5.357e+04  3.016e+04  6.041e+04  1.267e+05  3.296e+04  -1.86e+04       8512  2.283e+05  2.362e+05 -1.414e+05  3.342e+04 -1.366e+05  6.394e+04 -5.734e+04   1.36e+05  6.139e+04  7.775e+04  1.084e+05
 -1.159e+05 -4.325e+04       8976      -9488  3.409e+04  1.324e+05 -1.068e+05  4.769e+04  1.809e+05 -1.385e+05 -5.095e+04 -4.194e+04 -3.991e+05 -3.546e+05 -5.521e+05 -7.506e+05 -5.205e+05 -6.404e+05 -5.574e+05 -1.917e+07 -7.139e+05  1.102e+05   7.52e+04 -4.036e+04 -8.083e+04       2231   1.25e+05  2.697e+04  9.179e+04  7.735e+04     -804.5 -6.887e+04  2.707e+04      -3329 -8.431e+04 -9.016e+04 -1.023e+05  1.799e+05 -9.505e+04   1.91e+05 -1.052e+04  2.335e+05 -1.992e+04  3.668e+04  1.249e+05 -3.065e+04 -3.868e+04 -7.721e+04 -3.848e+04 -8.397e+04  4.477e+04 -6.314e+04  2.481e+05  1.001e+05  5.433e+04  1.452e+05  9.597e+04  1.288e+05 -1.255e+05  1.014e+05  1.774e+05 -1.396e+04  2.405e+05 -5.215e+04 -3.009e+05  3.622e+04  1.014e+05  5.614e+04  -1.46e+04  8.573e+04  1.587e+05  2.656e+04  1.886e+05 -1.013e+05  1.738e+05 -7.989e+05  8.554e+04  1.013e+05  2.333e+05  1.581e+05  4.097e+04  7.047e+04  4.029e+04  5.386e+04  4.528e+04  1.216e+05  1.011e+05
  4.524e+04  5.948e+04  1.327e+05  1.552e+05  1.117e+05  4.168e+04  9.203e+04  2.278e+04   7.25e+04 -2.816e+05 -1.022e+05 -8.949e+04 -1.773e+05 -2.839e+05 -5.415e+05 -3.811e+05 -2.518e+05 -2.983e+05 -2.837e+05 -7.139e+05 -2.096e+07  2.461e+05 -2.156e+05  1.885e+05  6.373e+04  9.182e+04  1.418e+05 -3.365e+04  1.505e+05  6.856e+04  1.965e+05  6.792e+04  1.853e+05  8.654e+04 -8.186e+04 -1.561e+05 -2.196e+05  1.581e+05  8.204e+04  1.103e+04 -5.713e+05 -1.518e+05 -1.127e+05  1.243e+05   4.17e+04    5.9e+04 -3.954e+04 -1.673e+05 -2.062e+05  1.898e+04       1567 -1.783e+04 -1.522e+05 -3.714e+05  4.895e+04  1.183e+05  1.518e+05  1.559e+05  4.853e+04  3.816e+04  1.434e+04  1.149e+05   7.55e+04 -5.175e+05 -2.162e+05 -3.708e+05  1.197e+05   1.44e+05  2.241e+05  3.884e+04  1.274e+05  9.966e+04  1.558e+05  1.349e+05    1.6e+05 -8.194e+04  2.013e+05 -8.267e+04       5755  2.124e+05  1.769e+05  2.354e+05  -1.04e+06      -1984  1.425e+05  3.264e+04  2.752e+04
 -3.395e+05  -2.55e+05 -1.513e+05 -1.873e+05 -1.811e+05  1.704e+05   1.51e+04  -1.54e+06 -2.703e+06 -8.216e+05 -2.523e+05 -1.281e+05 -3.358e+05  3.292e+04 -2.102e+05   2.38e+05  1.875e+05  -5.03e+05 -2.786e+05  1.102e+05  2.461e+05 -8.785e+07 -2.763e+06 -2.629e+05  7.284e+04 -1.026e+05 -4.728e+05  2.185e+04 -2.393e+05       5279  -6.08e+04  1.265e+04 -3.858e+05 -5.081e+04  1.834e+05  6.839e+04  1.451e+05 -8.775e+05 -3.362e+05  1.268e+05  1.818e+04 -7.528e+05 -1.539e+04 -1.772e+05 -1.944e+05 -9.474e+04  1.933e+05  2.035e+05  1.201e+05  2.171e+05 -1.287e+04  4.483e+04 -8.142e+05      616.4 -1.185e+05 -1.392e+05 -1.357e+05  1.632e+05 -9.823e+05  1.107e+05  2.521e+04  2.246e+05  5.691e+04 -2.378e+05  1.737e+05  2.462e+05 -2.974e+05 -4.348e+04 -5.041e+05 -8.185e+05  2.072e+05 -1.197e+05 -5.732e+05 -3.043e+05  1.005e+05  2.212e+05 -2.244e+04 -3.514e+05  -3.92e+05   5.38e+04 -3.582e+05  2.042e+05 -8.855e+05 -1.979e+05 -3.475e+04 -2.323e+05  7.151e+04
 -1.562e+05 -4.723e+05  -2.49e+05 -3.237e+04 -6.584e+04 -1.041e+05 -1.647e+05 -4.385e+05 -5.645e+05  -6.59e+05 -9.056e+04 -8.155e+04 -1.432e+05 -8.191e+04  -4.94e+04  9.306e+04  1.788e+05  5.905e+04 -1.371e+05   7.52e+04 -2.156e+05 -2.763e+06 -1.602e+07 -3.847e+05 -1.084e+04 -2.662e+04 -8.851e+05 -2.121e+04 -3.787e+05  1.063e+04 -2.561e+05 -2.424e+04 -1.628e+05  5.576e+04 -4.056e+04 -2.027e+05      -3480 -4.294e+04 -9.448e+04 -2.221e+05 -1.657e+05  1.832e+05      -2769  6.279e+04 -2.959e+04 -1.836e+04 -4.458e+04  1.024e+05  -1.63e+05  1.923e+04      556.4 -7.631e+04 -8.442e+05 -2.294e+05 -3.914e+04 -8.187e+04  8.148e+04  4.111e+04 -2.147e+05  1.184e+04       4236   1.24e+04  5.365e+04  1.715e+05  6.941e+04  2.132e+05 -1.095e+05 -3.805e+04 -3.188e+05 -3.332e+04  1.028e+04  2.249e+04      -3430       7827 -1.352e+04  1.809e+05 -2.084e+04 -4.046e+05  2.432e+05 -3.752e+04  1.749e+05  -1.52e+05   1.54e+05  -7.63e+04 -1.131e+05 -2.289e+04       4437
 -4.223e+04 -1.564e+05 -3.301e+04  5.687e+04    1.2e+04  1.619e+05  8.145e+04  -1.64e+05 -2.993e+05 -3.048e+05 -4.886e+04  4.426e+04 -1.055e+04  9.764e+04  6.577e+04  1.301e+04  1.895e+05 -6.309e+04      -2949 -4.036e+04  1.885e+05 -2.629e+05 -3.847e+05 -8.006e+06 -2.565e+05 -2.721e+05 -8.102e+04 -2.523e+04 -8.776e+04  1.515e+04 -5.149e+04      -8885 -1.638e+05       7995 -5.443e+04   1.77e+04  1.064e+05  2.711e+04  1.792e+04  -8.91e+04  7.149e+04  1.018e+05 -2.674e+04   2.08e+04 -8.291e+04   4.04e+04   8.84e+04  7.009e+04  8.402e+04  5.207e+04       3906   3.89e+04 -4.014e+05 -8.221e+04       1576  2.105e+04 -3.518e+04      -2788  1.166e+05  3.485e+04  6.173e+04 -2.259e+04  4.281e+04 -2.919e+04 -3.637e+04 -3.242e+04 -2.647e+04  6.743e+04      -2324  1.344e+04  5.802e+04  1.035e+05 -5.644e+04  2.417e+04 -5.738e+04 -1.249e+04  3.709e+04  6.434e+04  1.148e+05  1.477e+04  6.917e+04  1.823e+05  4.366e+04 -3.658e+04  1.272e+04  3.043e+04  1.397e+04
 -2.669e+04     -552.7  -2.64e+04      -4866  3.679e+04  9.517e+04  6.274e+04  6.305e+04   3.21e+04       6603   2.89e+04  3.217e+04 -2.368e+04 -2.884e+04  1.927e+04  6.032e+04 -7.352e+04  2.122e+04 -1.093e+04 -8.083e+04  6.373e+04  7.284e+04 -1.084e+04 -2.565e+05 -4.376e+06 -1.964e+04 -1.296e+04  1.946e+04 -1.112e+04 -2.135e+04 -4.158e+04 -2.066e+04  1.094e+04  1.269e+04 -1.371e+05  2.342e+04 -3.389e+04       4767 -3.596e+04 -5.217e+04   4.54e+04 -1.361e+04  3.143e+04       5197 -2.271e+04       8108  1.289e+04  5.178e+04   1.21e+05  6.023e+04       7861  4.124e+04 -1.883e+05  -4.16e+04  2.028e+04       2203   3.31e+04 -1.194e+04  4.067e+04 -1.889e+05  2.989e+04       6257 -1.065e+05 -1.013e+05  1.614e+04 -2.177e+04   3.47e+04  3.277e+04 -3.131e+04 -5.034e+04  6.702e+04   3.03e+04  1.235e+05 -4.093e+04     -932.2  1.066e+05 -1.157e+05  1.408e+05  8.488e+04  3.332e+04 -7.311e+04  -9.84e+04 -1.002e+05  2.033e+04  2.238e+04  5.942e+04  3.993e+04
 -7.914e+04 -1.294e+04  4.272e+04 -2.664e+04       9030  2.055e+04  5.692e+04  1.006e+05 -1.589e+04 -7.595e+04 -1.836e+04  2.325e+04      -5587  2.934e+04  1.026e+05  6.817e+04 -6.003e+04 -8.455e+04  4.689e+04       2231  9.182e+04 -1.026e+05 -2.662e+04 -2.721e+05 -1.964e+04 -3.904e+06 -3.748e+04       2476       3471  1.383e+04 -4.653e+04  4.309e+04 -5.106e+04  2.009e+04      -2764      -2752      -9661  1.166e+04  3.762e+04       7416  4.888e+04  1.408e+05  4.129e+04  5.597e+04  -3.13e+04  -6.46e+04  4.687e+04    1.1e+05  6.332e+04  5.932e+04  1.718e+04  5.337e+04 -1.948e+04       9238  3.926e+04  5.417e+04   2.57e+04 -4.796e+04  1.524e+05  2.255e+04 -2.031e+04  5.043e+04  4.391e+04  4.889e+04  1.047e+04  7.002e+04  4.097e+04  1.683e+04    2.4e+04 -2.045e+04 -4.666e+04  1.795e+04  1.033e+05      -9742   8.21e+04 -1.167e+05 -1.261e+04 -1.525e+05      -5689  1.108e+05  2.038e+04       2624   6.73e+04  1.412e+04       6225  5.552e+04  7.761e+04
 -2.498e+05 -2.476e+05 -1.144e+05  3.021e+04 -1.187e+05  1.656e+04 -1.943e+05 -1.135e+05 -5.176e+05 -3.025e+05 -2.875e+04 -4.042e+04 -1.767e+05 -1.624e+04  4.392e+04  1.751e+04 -5.299e+05 -8.953e+04 -1.055e+05   1.25e+05  1.418e+05 -4.728e+05 -8.851e+05 -8.102e+04 -1.296e+04 -3.748e+04 -1.498e+07 -9.789e+04 -1.829e+06   1.02e+04 -1.312e+06 -5.521e+04 -2.745e+05 -1.169e+05  1.184e+04  1.151e+05  8.902e+04 -1.135e+05      618.7  8.517e+04  1.296e+04 -9.473e+04  9.411e+04    8.9e+04 -4.565e+05  9.491e+04 -2.491e+04  7.521e+04  1.529e+05  6.497e+04 -2.116e+04       8462 -5.578e+04 -6.305e+04      -2759 -1.422e+04  1.006e+05 -1.099e+05  1.803e+05  5.581e+04  8.178e+04  5.722e+04  9.894e+04  2.025e+05 -4.665e+04  2.156e+05 -5.223e+04 -3.682e+04 -1.423e+05 -1.869e+04 -4.454e+04   7.22e+04  6.415e+04 -6.785e+04    1.5e+05 -1.126e+05  1.382e+04  2.114e+05  9.832e+04 -2.411e+04  7.601e+04 -2.818e+05 -1.074e+04 -2.364e+04 -4.122e+04      661.2  4.549e+04
 -3.086e+04       3611 -1.017e+04  7.478e+04  5.042e+04  5.394e+04  1.611e+04  1.902e+04 -4.066e+04 -6.843e+04  3.479e+04  3.882e+04  -4.88e+04  4.907e+04 -2.018e+04  6.517e+04  2.083e+04  7.529e+04  5.879e+04  2.697e+04 -3.365e+04  2.185e+04 -2.121e+04 -2.523e+04  1.946e+04       2476 -9.789e+04 -1.717e+06  1.798e+04  1.249e+04  2.574e+04  4.588e+04 -1.145e+04  1.113e+04 -6.154e+04   6.58e+04  3.964e+04      -4219  1.385e+04 -2.791e+04   7.64e+04 -3.905e+04  1.198e+04  6.879e+04  7.265e+04  3.885e+04      254.7  1.704e+04  9.004e+04  1.448e+04       7922  1.877e+04 -1.854e+05 -3.257e+04  2.902e+04  1.953e+04  4.445e+04      225.9   7.28e+04      -1416  7.779e+04  6.292e+04 -1.334e+04       8638 -2.556e+04  1.211e+05      -8365  2.637e+04      -6143  7.855e+04  2.924e+04  5.616e+04  3.486e+04      -2548   2.52e+04  1.296e+05  7.089e+04  4.771e+04 -3.866e+04 -1.382e+04  1.108e+04  -1.96e+04   4.62e+04  1.367e+04  4.198e+04  5.335e+04  6.057e+04
 -1.509e+05 -1.785e+05 -1.665e+05  1.358e+04 -3.124e+04 -1.956e+04      -1333 -2.681e+05 -2.997e+05 -2.405e+05  -1.14e+05 -3.063e+04 -1.207e+05 -9.491e+04 -6.278e+04  2.447e+04  1.314e+05  3.982e+04  5.139e+04  9.179e+04  1.505e+05 -2.393e+05 -3.787e+05 -8.776e+04 -1.112e+04       3471 -1.829e+06  1.798e+04 -9.868e+06 -5.182e+04 -6.571e+06 -1.477e+05  -5.29e+05 -1.634e+05 -1.489e+05  -1.16e+05  1.105e+05 -1.416e+05 -1.506e+05  1.044e+05  1.335e+05  1.167e+05  6.871e+04       7968  3.363e+04   8.33e+04  1.849e+04   6.51e+04   6.98e+04  1.225e+05  1.154e+04 -3.219e+04 -4.424e+05 -1.769e+05  1.137e+04 -1.124e+05  8.354e+04 -4.114e+04   8.92e+04 -2.824e+04  3.192e+04  8.369e+04  1.317e+05  7.451e+04  2.183e+04 -4.747e+04 -6.254e+04 -5.017e+04 -9.121e+04   1.27e+04  4.064e+04  5.193e+04  1.894e+05  1.002e+05  1.494e+05 -3.974e+04 -3.619e+04 -3.681e+04 -1.885e+05  3.013e+04  1.212e+04 -1.558e+05  2.167e+05 -3.818e+04 -1.149e+04  1.954e+04  2.928e+04
 -1.888e+04 -1.583e+04  1.898e+04  2.305e+04  1.175e+04   5.09e+04  -3.84e+04  4.315e+04      -4784  1.514e+04      -3075       4144 -1.983e+04 -1.972e+04 -5.111e+04 -6.503e+04 -4.851e+04  4.744e+04       7324  7.735e+04  6.856e+04       5279  1.063e+04  1.515e+04 -2.135e+04  1.383e+04   1.02e+04  1.249e+04 -5.182e+04 -1.741e+06 -7.208e+04 -2.805e+04 -4.871e+04       3957 -4.374e+04 -1.069e+05       4552  1.284e+04 -2.858e+04  1.849e+04  3.091e+04  3.363e+04  4.092e+04       3770  5.711e+04  3.537e+04    3.2e+04  1.265e+04 -3.176e+04  1.932e+04 -3.145e+04  2.283e+04  5.557e+04  1.751e+04  2.463e+04  1.551e+04       8502      -7739  5.875e+04      -8285  2.152e+04 -3.109e+04  2.372e+04  4.899e+04 -3.194e+04  4.143e+04      646.5  2.242e+04  1.957e+04  3.762e+04  4.043e+04       6132 -2.221e+04  1.367e+04  6.325e+04  7.532e+04 -3.404e+04  9.372e+04 -1.038e+05   6.95e+04      -9838  5.425e+04 -8.525e+04       6067       8574   1.72e+04       7785
 -4.808e+04 -3.495e+05 -2.329e+05  1.845e+04 -6.649e+04 -1.336e+05       8120 -1.151e+05 -1.138e+05 -3.351e+05 -1.162e+05  3.388e+04 -8.249e+04 -1.741e+04 -4.843e+04  6.785e+04  1.308e+05  3.577e+04  1.079e+05     -804.5  1.965e+05  -6.08e+04 -2.561e+05 -5.149e+04 -4.158e+04 -4.653e+04 -1.312e+06  2.574e+04 -6.571e+06 -7.208e+04 -1.382e+07 -2.966e+05 -7.946e+05 -1.265e+05 -1.223e+05 -1.478e+05  4.271e+04 -1.049e+05 -4.156e+04  1.165e+05  1.187e+05  5.995e+04       9524  7.219e+04  3.346e+04  4.042e+04  7.044e+04 -2.692e+04  1.467e+05  1.286e+05  3.188e+04       2789 -3.978e+05 -2.807e+04  3.316e+04 -9.589e+04    8.9e+04  2.393e+04  7.609e+04 -1.083e+05  4.138e+04  1.153e+05  1.112e+05  1.312e+05  1.232e+05  3.857e+04 -2.538e+04  1.914e+04 -4.835e+04  4.626e+04  4.886e+04  4.715e+04  5.899e+04  1.103e+05  1.743e+05 -4.524e+04 -2.732e+05  1.045e+05 -1.856e+05  1.317e+05 -2.958e+05 -4.815e+04  1.812e+05 -5.119e+04   1.44e+04  6.963e+04  5.556e+04
  6.069e+04  -4.42e+04  2.556e+04  1.005e+04 -6.293e+04       2998       6153 -1.141e+05  -1.85e+05      -3389 -2.344e+04 -3.189e+04 -5.558e+04 -6.255e+04  2.367e+04  1.774e+04  7.181e+04 -1.872e+05       4077 -6.887e+04  6.792e+04  1.265e+04 -2.424e+04      -8885 -2.066e+04  4.309e+04 -5.521e+04  4.588e+04 -1.477e+05 -2.805e+04 -2.966e+05 -4.167e+06 -1.169e+05 -8.001e+04 -2.774e+04 -2.442e+04 -1.343e+05 -6.063e+04  6.532e+04   2.11e+04 -8.322e+04      -2490 -1.043e+05  2.228e+04  1.648e+04 -5.659e+04 -1.237e+04  1.042e+05 -3.337e+04 -5.688e+04 -3.521e+04      -2350 -2.229e+05 -3.184e+04  2.967e+04       2078  5.863e+04 -1.468e+04  9.519e+04  1.713e+04 -1.684e+04  1.151e+05  2.023e+04      727.3 -5.052e+05  4.122e+04   1.43e+04  2.905e+04 -4.036e+04      -4712  4.419e+04 -7.332e+04  4.223e+04  4.946e+04 -3.923e+04  3.711e+04   1.33e+04  9.962e+04 -3.295e+05  7.933e+04 -7.683e+04 -5.702e+04  5.525e+04  3.453e+04  2.874e+04      -8729  8.604e+04
       9528  3.253e+04 -4.268e+04  1.494e+04  -2.12e+04  1.169e+05      -5709 -1.788e+04  1.429e+05  8.383e+04 -1.872e+04      -7422 -7.552e+04  1.964e+04  2.257e+04 -8.398e+04   8.55e+04 -1.068e+05 -2.065e+04  2.707e+04  1.853e+05 -3.858e+05 -1.628e+05 -1.638e+05  1.094e+04 -5.106e+04 -2.745e+05 -1.145e+04  -5.29e+05 -4.871e+04 -7.946e+05 -1.169e+05 -9.106e+06 -1.407e+05 -3.422e+05 -1.231e+05 -1.051e+05  4.885e+04   1.28e+05 -2.809e+04  1.134e+05 -1.107e+05  1.111e+05  3.502e+04       8377  5.286e+04      -2068  1.515e+05  6.519e+04  1.666e+04       5796  1.371e+04  -2.64e+05 -1.956e+05  4.541e+04      -4728  4.234e+04   1.81e+04  6.386e+04   5.09e+04  7.552e+04  7.007e+04  1.015e+05  2.039e+04  5.909e+04  1.534e+05   6.02e+04  2.401e+04  5.488e+04  -3.53e+04  1.011e+04 -5.529e+04  5.909e+04 -2.677e+04 -1.282e+05  1.061e+05  5.448e+04  2.092e+05 -4.592e+04  1.004e+05 -1.048e+05 -1.788e+05 -9.376e+04       7238      -6903  1.521e+04  6.628e+04
  1.354e+04      -2520  3.863e+04  5.994e+04  3.596e+04  2.627e+04  1.088e+05  6.855e+04 -1.418e+05 -7.983e+04      -2363 -2.352e+04       8276       3503 -1.522e+05   5.38e+04 -3.859e+05  -5.88e+04 -5.551e+04      -3329  8.654e+04 -5.081e+04  5.576e+04       7995  1.269e+04  2.009e+04 -1.169e+05  1.113e+04 -1.634e+05       3957 -1.265e+05 -8.001e+04 -1.407e+05 -5.332e+06  -1.97e+05  -7.77e+04 -1.055e+05  1.799e+04  1.152e+05       7042  8.322e+04  4.304e+04  3.132e+04  1.174e+05  4.384e+04  5.201e+04   4.94e+04      -8775  2.785e+04       2696  2.023e+04       6520 -1.216e+05  1.049e+04  4.758e+04  7.077e+04   4.16e+04   8.28e+04  1.206e+04  8.128e+04  6.255e+04  1.171e+05  1.003e+05   8.58e+04 -8.451e+04  6.331e+04   1.05e+05        259  1.186e+04 -1.112e+05  5.953e+04  3.026e+04  7.921e+04  8.668e+04  8.178e+04  1.616e+05 -6.268e+04  1.181e+05   6.09e+04  1.239e+05  8.791e+04       1302  2.166e+04  5.003e+04  8.061e+04  5.809e+04  5.918e+04
  4.823e+04 -5.724e+04 -8.499e+04  5.945e+04  4.879e+04  7.127e+04  2.854e+04     -562.4 -2.194e+04  1.138e+04 -4.148e+04 -4.242e+04 -2.537e+04 -8.167e+04 -7.383e+04 -5.818e+04      -8706      -2381 -1.399e+05 -8.431e+04 -8.186e+04  1.834e+05 -4.056e+04 -5.443e+04 -1.371e+05      -2764  1.184e+04 -6.154e+04 -1.489e+05 -4.374e+04 -1.223e+05 -2.774e+04 -3.422e+05  -1.97e+05  -8.98e+06 -3.964e+05 -1.563e+06  2.465e+04 -1.315e+05 -3.137e+05 -5.858e+04 -1.918e+05 -7.272e+04       3147 -5.344e+04 -4.768e+04 -6.218e+04 -3.965e+04 -7.281e+04 -2.569e+04       1103  -4.65e+04 -3.904e+04  -1.15e+05  6.226e+04       8100 -2.909e+04 -4.408e+04 -9.517e+04 -3.144e+05  4.169e+04  1.695e+04      -5441 -1.293e+04 -2.019e+05 -4.347e+04 -3.314e+04 -1.705e+04  3.617e+04       1258 -5.273e+04  5.911e+04  1.476e+05  1.195e+05  1.267e+05  2.244e+05 -2.254e+05 -4.141e+04  4.254e+04 -1.326e+05 -9.404e+04   5.95e+04 -1.017e+05 -1.443e+04  5.843e+04  2.681e+04  5.489e+04
      -8093  4.546e+04       7363  2.097e+04 -2.303e+04      -9308       5673 -4.812e+04  1.646e+05  2.886e+04    4.5e+04  1.892e+04 -7.103e+04  3.528e+04 -2.515e+05 -1.737e+05 -7.432e+04 -1.196e+04  1.234e+05 -9.016e+04 -1.561e+05  6.839e+04 -2.027e+05   1.77e+04  2.342e+04      -2752  1.151e+05   6.58e+04  -1.16e+05 -1.069e+05 -1.478e+05 -2.442e+04 -1.231e+05  -7.77e+04 -3.964e+05 -1.228e+07 -5.811e+05   8.27e+04  5.318e+04  -5.91e+04  -1.56e+04       6967  6.804e+04   7.47e+04 -4.655e+04  9.519e+04  2.027e+04   -2.2e+05 -5.075e+04 -2.871e+04  -2.94e+04       7678 -5.445e+04  6.335e+04  5.565e+04      -6991  1.212e+04  6.795e+04 -3.799e+05 -1.601e+05 -3.159e+04  4.289e+04 -1.663e+05  -1.51e+05  -2.21e+05 -5.945e+05   1.58e+04      -1632  8.529e+04 -5.256e+04  1.229e+05      -5585 -9.715e+04 -1.068e+05 -2.855e+04 -4.003e+05  2.072e+04  1.728e+05 -1.152e+05      -3797  1.472e+05  8.401e+04 -2.441e+04       1652  5.979e+04 -8.834e+04   7.28e+04
  6.461e+04 -1.315e+05  5.101e+04   1.48e+04 -5.398e+04  6.185e+04  1.715e+05 -2.715e+04  1.154e+05 -3.465e+04 -1.342e+05 -9.906e+04       1254 -1.873e+04 -1.482e+04 -1.012e+05 -2.933e+04 -5.935e+04 -6.519e+04 -1.023e+05 -2.196e+05  1.451e+05      -3480  1.064e+05 -3.389e+04      -9661  8.902e+04  3.964e+04  1.105e+05       4552  4.271e+04 -1.343e+05 -1.051e+05 -1.055e+05 -1.563e+06 -5.811e+05 -1.329e+07  1.431e+05 -2.367e+05  1.113e+04 -4.655e+04  1.048e+04   6.23e+04 -3.658e+05  6.091e+04 -1.665e+05   -1.3e+05  2.464e+04 -3.594e+05 -3.132e+05  1.126e+04 -8.138e+04   1.13e+05 -4.349e+04 -3.043e+04  8.738e+04  1.572e+04   9.41e+04 -2.937e+04 -5.476e+04 -1.215e+04 -1.404e+05 -2.036e+05 -5.665e+05 -2.419e+05 -1.967e+05  1.211e+05  5.963e+04  9.645e+04 -1.219e+05  1.549e+04   2.66e+04  1.271e+05 -5.025e+04  1.864e+05  2.196e+05 -3.788e+04  1.295e+05  1.838e+05       7280  8.971e+04 -1.105e+05 -3.035e+04  4.525e+04  7.453e+04  4.733e+04  8.902e+04
 -1.326e+05 -1.296e+05 -8.898e+04 -4.873e+04 -5.926e+04  4.491e+04       7634 -2.071e+05  -2.79e+05 -2.692e+05 -4.994e+04 -4.254e+04 -6.758e+04      -6548 -5.317e+04  1.228e+05  -1.02e+05  5.099e+04      -3766  1.799e+05  1.581e+05 -8.775e+05 -4.294e+04  2.711e+04       4767  1.166e+04 -1.135e+05      -4219 -1.416e+05  1.284e+04 -1.049e+05 -6.063e+04  4.885e+04  1.799e+04  2.465e+04   8.27e+04  1.431e+05 -6.249e+06 -4.731e+05 -5.957e+04  6.843e+04 -1.028e+05 -1.812e+04  2.682e+04 -1.077e+05       8167 -1.564e+05   -7.4e+04 -2.028e+04  1.179e+04 -2.455e+04 -6.338e+04 -4.171e+05 -1.263e+05 -2.027e+04 -7.082e+04      -4249 -6.817e+04  3.874e+04  4.155e+04  1.071e+04  4.934e+04  1.429e+04  4.334e+04  2.114e+04    2.1e+04 -4.616e+04 -5.521e+04  5.576e+04      856.5  6.296e+04  6.231e+04  2.181e+04  1.104e+05  8.784e+04   5.59e+04  8.205e+04 -4.321e+04 -1.073e+04 -2.955e+04   4.16e+04  1.241e+05  6.658e+04 -5.891e+04  1.784e+04  2.381e+04  7.075e+04
