
 45

((((t45: 0.013878, (t5: 0.003337, t17: 0.003064): 0.011569): 0.007432, (((t2: 0.015547, t39: 0.015432): 0.003194, (t9: 0.008542, (t10: 0.006385, (t15: 0.006208, (t40: 0.003462, t19: 0.003308): 0.003327): 0.000857): 0.004438): 0.009867): 0.001227, (((t20: 0.014089, t38: 0.014060): 0.006933, (t37: 0.030864, (t42: 0.011419, (t34: 0.012204, (t27: 0.010933, (t36: 0.004965, t12: 0.003565): 0.005395): 0.005302): 0.000881): 0.004690): 0.003039): 0.003058, (((t26: 0.004817, (t31: 0.005585, t35: 0.004591): 0.000477): 0.004410, ((t11: 0.006434, (t7: 0.002832, t6: 0.002718): 0.003420): 0.003221, t21: 0.009312): 0.001654): 0.005876, t32: 0.014865): 0.009378): 0.000391): 0.002466): 0.004231, ((t4: 0.041352, (t3: 0.014397, ((t41: 0.006212, t25: 0.006578): 0.001033, (t1: 0.003423, (t13: 0.001087, t44: 0.000831): 0.003002): 0.003558): 0.008006): 0.022772): 0.001917, (t14: 0.013951, ((t24: 0.007564, t18: 0.009736): 0.002599, ((t23: 0.002810, (t43: 0.002211, t8: 0.002512): 0.001026): 0.004358, (t30: 0.004105, (t22: 0.001872, t16: 0.002035): 0.002509): 0.002970): 0.002817): 0.005626): 0.020244): 0.000961): 0.002178, t33: 0.026171, (t28: 0.016365, t29: 0.014865): 0.028605);

  0.002178  0.004231  0.007432  0.013878  0.011569  0.003337  0.003064  0.002466  0.001227  0.003194  0.015547  0.015432  0.009867  0.008542  0.004438  0.006385  0.000857  0.006208  0.003327  0.003462  0.003308  0.000391  0.003058  0.006933  0.014089  0.014060  0.003039  0.030864  0.004690  0.011419  0.000881  0.012204  0.005302  0.010933  0.005395  0.004965  0.003565  0.009378  0.005876  0.004410  0.004817  0.000477  0.005585  0.004591  0.001654  0.003221  0.006434  0.003420  0.002832  0.002718  0.009312  0.014865  0.000961  0.001917  0.041352  0.022772  0.014397  0.008006  0.001033  0.006212  0.006578  0.003558  0.003423  0.003002  0.001087  0.000831  0.020244  0.013951  0.005626  0.002599  0.007564  0.009736  0.002817  0.004358  0.002810  0.001026  0.002211  0.002512  0.002970  0.004105  0.002509  0.001872  0.002035  0.026171  0.028605  0.016365  0.014865

 -0.674032 -0.179394 -0.064278  0.135490  0.196506 -0.987400 -1.096329 -1.091467 -5.438072 -0.589942 -0.119218 -0.170536  0.063403 -0.126106 -0.354222 -0.414412 -11.182881  0.606831 -1.511426 -0.648517 -1.490280 -20.411268 -0.940525 -0.631974  0.154834 -0.092845 -0.706966  0.072699 -0.154834  0.204448 -7.146262  0.167198 -0.392711 -0.255071 -0.952233 -0.391829 -1.113182  0.040655 -0.308290  0.019704 -0.338738 -36.767379 -0.203174 -0.295068 -2.754778 -1.200885 -0.501290 -1.110442 -1.713292 -1.780970 -0.493228  0.296382 -5.843963 -1.031790 -0.036892 -0.214842  0.356913 -0.099033 -7.014051 -0.380642 -0.191553 -0.502001 -0.553407 -1.339412 -7.936572 -16.761668  0.962764  0.271391  0.709344 -0.963162 -0.050983 -0.191530 -1.568788 -0.504209 -0.959621 -7.915546 -3.309937 -1.996455 -1.435939 -0.444917 -1.904579 -3.797487 -3.268402  0.107490  0.131145  0.437117 -0.155719


Hessian

 -1.994e+07  -9.77e+05 -5.969e+04 -9.867e+04 -1.197e+05  3.246e+04 -6.107e+04 -2.811e+05 -1.749e+05 -2.452e+05 -6.876e+04       3538 -2.745e+05 -6.036e+04 -9.219e+04 -2.394e+04 -2.078e+05 -2.152e+04 -1.005e+05  8.343e+04  2.987e+05       3029 -4.258e+05 -2.892e+05 -5.356e+04  -4.09e+04  -3.99e+05 -1.485e+05 -1.108e+05  -5.15e+04 -2.427e+04  5.768e+04 -2.755e+05  5.277e+04 -7.001e+04   7.32e+04   2.89e+05 -1.919e+05  -2.02e+05 -2.261e+05       5667 -5.982e+05  1.242e+05  1.494e+05 -2.582e+05  1.468e+05   6.89e+04 -1.584e+05  3.146e+05  -1.73e+04 -4.786e+04 -9.248e+04 -7.648e+05 -3.545e+05 -1.592e+04 -1.377e+05  1.055e+05 -1.708e+05  3.063e+04  1.364e+04 -3.587e+04  1.865e+04 -1.214e+05 -7.656e+04  2.606e+05  1.497e+05 -2.392e+05 -8.737e+04  -4.33e+04 -4.629e+04 -1.426e+05 -1.208e+05 -1.236e+05 -2.334e+05  6.755e+04  -1.99e+05 -1.444e+05 -1.433e+05  3.969e+04 -2.293e+05 -4.531e+05  1.576e+05  3.018e+04  -1.19e+06 -8.932e+05  -1.18e+05 -1.432e+05
  -9.77e+05  -1.79e+07 -2.113e+05 -1.878e+05 -7.312e+04 -1.972e+05 -2.758e+05 -1.662e+06 -5.353e+05 -3.375e+05 -1.098e+05 -2.038e+05  -3.18e+05 -4.935e+04 -3.208e+04 -6.328e+04 -5.182e+05 -1.348e+05 -2.145e+05 -1.572e+05  2.313e+05 -7.278e+05 -4.828e+05  -7.18e+04 -1.509e+05 -1.135e+05 -1.749e+05 -1.252e+05 -1.077e+05 -2.195e+04 -1.899e+04  4.624e+04 -1.808e+04 -1.038e+05  3.562e+04      -7668   1.63e+05 -3.842e+05 -7.227e+04 -2.735e+05 -2.693e+05 -2.374e+04       3009 -8.794e+04 -3.647e+05 -2.392e+05 -1.958e+04 -5.871e+04 -3.303e+04 -1.062e+05 -3.243e+04  -1.95e+05 -3.016e+06 -6.194e+05  -1.44e+05 -3.211e+05 -4.381e+04 -1.575e+05 -4.301e+05 -1.331e+04 -2.344e+04 -4.052e+05 -1.965e+05 -4.042e+05 -5.427e+05  2.481e+05 -3.925e+05 -1.116e+05 -2.619e+05 -6.246e+05 -1.401e+05 -9.475e+04 -2.217e+05 -3.646e+05 -3.488e+05 -4.128e+05 -3.236e+05 -2.346e+05 -3.627e+05 -4.355e+05  -6.14e+05  1.759e+04  1.849e+04 -2.114e+05 -1.831e+05 -1.952e+05 -1.865e+05
 -5.969e+04 -2.113e+05 -1.107e+07 -2.219e+05 -2.741e+05      -8893 -6.502e+04 -8.624e+05 -5.078e+05 -4.544e+05 -1.472e+05 -1.125e+05 -3.627e+05  2.975e+04 -6.286e+04   2.73e+04 -4.862e+05  2.765e+04  8.115e+04 -2.046e+04  6.603e+04 -4.703e+05 -1.669e+05 -2.979e+05 -1.627e+04      430.2  -8.77e+04 -4.231e+04 -2.611e+05 -3.438e+04 -1.719e+05 -2.245e+05 -7.837e+04 -1.206e+04       8653  1.452e+05     -673.6 -2.863e+05 -1.104e+05 -1.755e+05   1.41e+05  3.231e+04  1.048e+05  2.297e+04 -1.417e+04 -5.325e+04  -1.03e+05 -4.577e+05   2.11e+05 -2.508e+05       6807 -2.208e+05 -3.848e+05 -4.936e+05 -4.816e+04 -9.415e+04  -2.79e+04 -1.496e+05 -2.905e+05      -8804 -5.126e+04 -4.881e+04  -2.27e+05     -554.9  1.695e+05   3.48e+05  -2.19e+05       1315 -1.268e+05 -1.646e+05 -1.596e+05 -8.794e+04 -8.747e+04 -6.658e+04 -6.274e+04 -4.381e+05 -2.951e+04   -6.2e+05 -1.147e+05 -5.338e+04 -3.378e+04  2.289e+05  1.351e+05  -9.93e+04 -6.929e+04 -9.208e+04 -1.378e+05
 -9.867e+04 -1.878e+05 -2.219e+05 -6.281e+06 -8.052e+04 -5.333e+04 -1.053e+04 -7.569e+04 -2.709e+05 -9.808e+04      -4841 -3.632e+04 -1.532e+05 -3.914e+04 -1.749e+05  3.059e+04      132.6  1.431e+04 -3.695e+04 -1.496e+05      186.6 -3.778e+05 -3.383e+05 -4.004e+04 -4.881e+04  4.407e+04 -2.188e+05  2.684e+04 -1.139e+05  3.049e+04 -8.808e+04 -2.998e+04  8.644e+04  3.746e+04   2.12e+04  1.109e+04 -3.776e+04 -1.592e+05  -1.07e+05 -4.763e+04  7.513e+04 -9.907e+04 -1.326e+05  4.299e+04 -1.297e+04   3.08e+04      -1564 -1.237e+04  5.238e+04       8014  7.977e+04 -1.056e+05 -1.641e+05 -3.055e+04  1.882e+04  1.972e+04 -3.152e+04 -1.894e+04 -1.623e+05 -1.478e+05 -4.061e+04 -1.019e+05 -3.827e+04 -8.525e+04  1.426e+05  2.052e+05 -1.832e+04      648.9 -1.025e+05 -1.819e+05 -7.261e+04 -2.278e+04 -8.429e+04  1.713e+04  6.769e+04 -8.438e+04 -1.067e+05 -7.129e+04  3.455e+04 -1.166e+05  2.706e+04 -5.686e+04  5.777e+04 -1.317e+04       8422 -7.479e+04 -4.249e+04
 -1.197e+05 -7.312e+04 -2.741e+05 -8.052e+04 -7.443e+06 -1.372e+05 -1.569e+05 -1.395e+05 -2.523e+05 -6.935e+04 -3.196e+04 -6.782e+04 -1.045e+04  4.207e+04  5.918e+04  1.347e+05 -3.712e+05  3.309e+04  7.394e+04 -2.851e+04  1.127e+05 -2.753e+05 -2.013e+05 -8.558e+04  -6.86e+04  -1.11e+05 -1.791e+05  1.853e+04 -4.451e+04  2.131e+04 -4.659e+04  5.421e+04 -7.544e+04 -1.537e+04 -2.253e+04  1.452e+05  8.646e+04 -2.284e+05  1.336e+04  5.588e+04       7697  1.012e+05  1.032e+05       4814  1.022e+05 -4.868e+04 -3.772e+04 -3.174e+04  1.236e+05  7.837e+04 -2.524e+04 -2.488e+04 -3.821e+05 -1.475e+05  6.791e+04   1.76e+04  4.149e+04 -5.532e+04 -4.141e+04 -5.301e+04  1.288e+04 -4.076e+04  3.397e+04  4.327e+04 -3.751e+05 -1.469e+04 -3.121e+04  3.085e+04       9881 -1.558e+05  9.675e+04  1.937e+04 -2.548e+04 -1.111e+05  1.767e+05 -6.446e+04  1.395e+05 -3.073e+04 -8.497e+04 -3.616e+04  1.914e+04 -1.938e+04 -9.084e+04      -9376  1.885e+04  3.272e+04  6.892e+04
  3.246e+04 -1.972e+05      -8893 -5.333e+04 -1.372e+05 -2.674e+07  -2.06e+06 -2.147e+05  1.829e+05 -1.537e+05  1.125e+05 -1.679e+04 -1.101e+05   1.51e+05 -1.272e+04 -5.801e+04  2.359e+05 -7.392e+04   2.76e+05 -1.345e+05  3.668e+04  8.687e+04  8.965e+04  3.353e+04 -5.779e+04  8.412e+04   1.23e+05  9.934e+04 -7.524e+04      -7721  1.413e+05 -8.181e+04  1.674e+05 -4.341e+04 -6.076e+04  2.264e+05  4.356e+04  1.239e+05   1.11e+05 -1.721e+05 -2.774e+05  3.011e+05 -9.947e+04 -2.005e+05  2.198e+05 -4.417e+04  -4.65e+04  3.549e+04 -1.351e+05  1.177e+05   5.24e+04  6.813e+04  1.191e+04       2156  5.223e+04   9.16e+04   7.54e+04  6.096e+04 -1.875e+05  1.433e+05   -1.4e+05  4.198e+04 -3.057e+05 -8.568e+04  3.511e+05   3.38e+05 -3.077e+04  9.943e+04 -1.608e+04  1.505e+05  1.397e+05   1.54e+05   2.39e+04       6781  1.951e+05 -3.043e+05 -4.828e+04 -2.152e+05       4790 -2.694e+05 -1.647e+05  6.987e+04 -1.499e+05  2.488e+04  6.134e+04       6977  5.274e+04
 -6.107e+04 -2.758e+05 -6.502e+04 -1.053e+04 -1.569e+05  -2.06e+06 -2.906e+07 -1.326e+05 -4.136e+04 -1.147e+05  5.556e+04  2.961e+04 -5.367e+04       5546  -3.69e+05       1740 -8.539e+04 -2.108e+05  1.727e+05 -5.783e+05 -3.031e+05 -4.513e+05   1.59e+04 -4.198e+05 -3.367e+04 -1.616e+05 -7.724e+04  1.944e+04 -4.954e+04  1.653e+04   8.08e+04 -7.041e+04 -2.592e+04 -1.123e+05  1.567e+05 -1.032e+05  -2.77e+05  4.994e+04  1.023e+05  6.115e+04      -6356   3.08e+05 -7.319e+04 -3.934e+05  9.913e+04  2.442e+04  1.413e+05    1.4e+05 -1.541e+05 -9.234e+04 -1.819e+05 -1.291e+05 -4.686e+04  4.493e+04  7.721e+04  6.097e+04 -3.594e+04 -2.857e+04  2.664e+05 -2.118e+05  4.586e+04 -1.294e+04 -1.436e+05  2.083e+05  8.574e+04  3.511e+05 -1.177e+05 -1.663e+05 -8.806e+04  2.255e+05  1.214e+05  9.338e+04  1.024e+04 -1.025e+05  4.468e+04 -9.356e+05 -4.564e+04 -8.301e+04 -7.629e+04 -4.762e+05 -3.427e+05 -7.951e+04 -5.337e+05  7.091e+04       8222 -9.451e+04 -2.347e+04
 -2.811e+05 -1.662e+06 -8.624e+05 -7.569e+04 -1.395e+05 -2.147e+05 -1.326e+05 -3.125e+07 -1.464e+06 -2.003e+05 -4.513e+04  -7.12e+04 -2.797e+05  -2.33e+05 -2.457e+05 -9.598e+04 -4.627e+05 -1.477e+04  -2.73e+05  -4.77e+04  1.875e+05 -2.152e+06 -5.286e+05 -3.353e+05 -1.724e+05 -7.759e+04 -3.035e+05 -3.146e+04 -5.268e+05 -5.908e+04 -2.562e+04 -6.716e+04 -5.516e+04 -2.286e+05 -6.438e+04 -5.467e+04  2.324e+05 -4.135e+05 -2.814e+05 -1.172e+05      -9898 -3.918e+05  9.313e+04  1.543e+04  6.277e+04 -2.289e+04 -1.211e+05  3.949e+04      -6868  1.587e+04 -4.433e+04 -1.868e+05 -8.279e+05 -6.663e+05 -1.051e+05 -2.141e+05 -2.477e+04 -2.341e+05 -5.154e+05  1.008e+05 -3.462e+05  -1.87e+05 -1.021e+05 -2.351e+05  9.826e+04  2.895e+05 -2.884e+05 -1.448e+04      -9930   -3.3e+05 -1.886e+05  2.882e+04 -8.991e+04 -4.389e+04 -3.346e+05 -6.434e+05  3.031e+05  -2.83e+05  6.265e+04 -1.609e+05 -2.945e+05   -3.6e+05  3.442e+05 -2.692e+05 -6.412e+04 -9.224e+04  1.481e+04
 -1.749e+05 -5.353e+05 -5.078e+05 -2.709e+05 -2.523e+05  1.829e+05 -4.136e+04 -1.464e+06 -5.663e+07 -2.051e+06 -4.193e+05 -2.621e+05 -1.252e+06 -1.649e+05 -1.391e+05 -1.548e+05 -2.689e+05 -1.429e+05 -3.574e+05 -3.131e+05 -1.497e+05  -4.33e+06 -1.203e+06 -3.842e+05  -2.22e+05  1.945e+04 -6.138e+05 -2.239e+05 -5.362e+05 -1.877e+05 -4.441e+05 -7.799e+04 -1.914e+05  1.583e+05 -3.222e+05 -1.589e+04 -1.481e+04 -5.215e+05 -3.681e+05  4.479e+04 -1.463e+05 -1.164e+06 -4.056e+04  8.164e+04 -2.518e+05 -4.156e+05      -4256  -2.92e+05  1.064e+05  2.536e+05 -9.116e+04 -6.779e+04 -4.613e+05 -4.844e+05 -1.092e+05 -1.841e+05  2.025e+04 -2.435e+05  1.349e+05  1.006e+05 -3.234e+05 -4.423e+05 -6.021e+04 -8.973e+04 -2.422e+05  2.673e+05 -4.115e+05  -1.59e+05 -2.721e+05  -1.26e+05 -1.735e+05   7.14e+04 -5.954e+05 -2.364e+05  2.035e+05 -3.264e+05  2.667e+05 -1.722e+05  2.796e+05  1.885e+05  2.347e+05  2.046e+05  3.296e+05  -2.31e+05      -7840 -1.491e+05 -1.251e+05
 -2.452e+05 -3.375e+05 -4.544e+05 -9.808e+04 -6.935e+04 -1.537e+05 -1.147e+05 -2.003e+05 -2.051e+06 -2.255e+07 -7.573e+05 -7.444e+05 -1.193e+05     -323.7 -8.755e+04 -3.368e+05  1.819e+05 -3.224e+04 -3.159e+04 -2.291e+04  1.096e+05 -4.351e+05  -5.86e+05 -1.901e+05  -8.24e+04 -1.219e+05 -8.405e+05 -1.433e+05 -3.157e+05  1.558e+04 -1.574e+05 -3.646e+05 -3.198e+05  4.484e+04 -6.116e+04  1.425e+05  6.373e+04 -3.633e+05 -2.955e+05 -1.174e+05 -2.403e+04 -3.201e+05 -1.316e+05  7.655e+04  9.545e+04  4.707e+04  2.195e+04  -2.69e+05       3738 -1.808e+05 -1.194e+05 -1.738e+05 -5.586e+05 -1.622e+05 -2.136e+04  -1.22e+05  4.218e+04 -1.982e+05  2.243e+05 -1.772e+04 -5.438e+04 -1.678e+04 -4.298e+05  2.837e+04  1.718e+05   2.25e+05 -1.211e+05  8.376e+04 -9.768e+04  1.255e+05       4583  1.372e+05 -2.141e+05 -1.398e+05 -3.592e+05  2.407e+04 -5.794e+04 -3.231e+05 -2.036e+04 -1.069e+05 -1.631e+05  1.306e+05  1.643e+05 -9.094e+04 -4.595e+04  -2.36e+05 -1.222e+05
 -6.876e+04 -1.098e+05 -1.472e+05      -4841 -3.196e+04  1.125e+05  5.556e+04 -4.513e+04 -4.193e+05 -7.573e+05 -5.546e+06  1.374e+04 -2.289e+05 -1.804e+05      -4040       5894 -8.892e+04       9588 -1.026e+05 -1.086e+05 -2.671e+04 -6.324e+05 -1.615e+05 -1.218e+05 -2.388e+04 -8.438e+04 -3.299e+05  -1.57e+04 -9.055e+04  5.907e+04 -7.558e+04       4441 -4.182e+04  6.209e+04 -6.253e+04  1.884e+04  1.153e+04 -1.696e+05 -6.653e+04 -4.213e+04   1.48e+04 -2.917e+05 -2.184e+04 -7.132e+04 -3.597e+05 -8.478e+04      -9993  -8.95e+04      -7558 -7.372e+04 -4.852e+04 -6.692e+04 -1.498e+05 -3.109e+05       7578 -2.499e+04       7407  -1.33e+05  7.911e+04 -3.187e+04 -8.429e+04 -1.915e+05 -1.308e+05 -9.438e+04 -2.824e+05 -1.049e+05 -1.322e+04 -1.922e+04      -9812 -4.898e+04 -6.883e+04  1.301e+04  1.289e+04  1.821e+04  2.193e+04 -4.315e+04 -9.257e+04  -2.03e+05 -1.029e+05 -2.824e+04  5.365e+04  5.267e+04 -8.023e+04  -2.72e+04     -625.8 -7.068e+04  1.329e+04
       3538 -2.038e+05 -1.125e+05 -3.632e+04 -6.782e+04 -1.679e+04  2.961e+04  -7.12e+04 -2.621e+05 -7.444e+05  1.374e+04 -5.549e+06 -7.451e+04 -2.945e+04 -2.003e+05 -1.166e+05 -5.437e+04 -1.287e+05  -1.67e+05 -2.065e+05 -1.876e+05 -3.849e+05 -2.865e+05 -7.819e+04 -2.907e+04 -5.434e+04  -3.12e+05 -2.025e+04 -1.536e+05       7987 -2.025e+05 -6.431e+04  1.632e+04  3.103e+04 -3.079e+04  7.224e+04 -1.313e+05      -9157     -831.2    4.5e+04  6.392e+04  1.612e+05  1.744e+04  1.534e+04  4.439e+04  3.821e+04  4.443e+04 -2.538e+04 -2.068e+05 -1.019e+05  1.497e+04 -1.638e+04 -2.721e+05  3.177e+04  6.778e+04  5.167e+04  4.222e+04 -1.201e+04 -1.913e+05  1.588e+04      -6406 -4.585e+04 -4.722e+04  1.064e+04 -1.939e+05    2.2e+04 -5.884e+04  1.526e+04       9770 -9.752e+04  6.997e+04  1.132e+04 -2.723e+04  1.532e+05       4058  3.714e+04   2.17e+04 -2.427e+05       9215 -4.668e+04 -1.023e+05 -8.242e+04 -3.487e+04 -1.811e+04  2.145e+04 -2.172e+04      -6872
 -2.745e+05  -3.18e+05 -3.627e+05 -1.532e+05 -1.045e+04 -1.101e+05 -5.367e+04 -2.797e+05 -1.252e+06 -1.193e+05 -2.289e+05 -7.451e+04 -8.679e+06 -7.614e+04 -4.414e+05 -8.898e+04 -4.108e+05 -3.127e+05 -2.771e+05 -3.566e+05  -1.48e+05 -7.683e+05 -3.224e+05 -1.815e+05 -5.628e+04 -1.233e+04 -3.027e+05  1.538e+04  -3.17e+05 -7.103e+04 -1.691e+05      975.4 -1.021e+04 -6.953e+04  5.295e+04 -6.933e+04      -4460 -2.006e+05 -1.852e+05 -1.504e+05  1.026e+05  2.768e+05  1.409e+05 -7.038e+04  -5.27e+05  2.402e+04 -1.382e+04 -2.433e+05  2.063e+04 -4.443e+04 -5.812e+04 -1.051e+05 -2.348e+05 -1.796e+05      -9167 -8.831e+04  1.964e+04  2.856e+04 -9.684e+04  5.081e+04      -3198 -2.366e+05 -1.719e+04 -1.193e+05 -8.218e+04 -4.283e+04 -1.128e+05  -1.32e+05 -1.001e+04 -1.906e+04  5.568e+04 -1.124e+05 -9.446e+04  4.807e+04 -6.439e+04 -1.068e+06  -1.17e+05 -5.385e+05 -5.648e+04 -2.096e+05 -1.162e+05 -1.591e+05  9.646e+04 -1.027e+05 -3.822e+04 -5.353e+04      -6989
 -6.036e+04 -4.935e+04  2.975e+04 -3.914e+04  4.207e+04   1.51e+05       5546  -2.33e+05 -1.649e+05     -323.7 -1.804e+05 -2.945e+04 -7.614e+04  -1.04e+07 -4.388e+05 -5.352e+05 -4.739e+05 -7.572e+04 -1.774e+05 -1.097e+05 -1.002e+05 -3.598e+05 -1.751e+05  4.126e+04 -2.957e+04  1.112e+05 -6.888e+04 -6.075e+04 -6.152e+04  5.254e+04  6.806e+04  -2.49e+04  1.451e+05 -5.411e+04  1.549e+05      -7535  3.933e+04 -1.043e+04 -6.095e+04  -5.06e+04 -5.341e+04 -3.834e+05 -3.119e+05  5.893e+04 -5.042e+05  8.489e+04 -2.074e+04  1.544e+05  -5.18e+05   1.12e+05 -9.576e+04  2.287e+04  2.373e+04 -2.665e+05  5.474e+04    4.8e+04  3.803e+04 -1.487e+04 -2.607e+05 -1.019e+05  7.652e+04 -2.034e+05  1.745e+04 -8.992e+04 -1.645e+05 -8.106e+04  5.052e+04  7.764e+04  -6.59e+04 -1.398e+05      -9219  3.708e+04  1.568e+05  2.695e+04  9.214e+04  3.596e+04 -7.592e+04  2.018e+04      -4278  1.004e+05 -1.038e+05  -3.51e+04  1.534e+05       9259  6.345e+04 -3.615e+04 -2.712e+04
 -9.219e+04 -3.208e+04 -6.286e+04 -1.749e+05  5.918e+04 -1.272e+04  -3.69e+05 -2.457e+05 -1.391e+05 -8.755e+04      -4040 -2.003e+05 -4.414e+05 -4.388e+05 -1.811e+07 -5.709e+05 -1.225e+06  -6.99e+05 -9.857e+05 -3.698e+05 -5.067e+05 -3.722e+05 -5.277e+04 -4.793e+04  4.165e+04  3.654e+04 -3.219e+05  2.253e+04 -4.209e+05  7.493e+04 -1.561e+05 -3.324e+04 -2.353e+05       5378  1.233e+05      -9181  5.977e+04 -1.513e+05 -8.488e+04  -7.18e+04 -5.047e+04 -2.133e+05       7547 -5.159e+04 -1.298e+05   4.47e+04 -3.481e+04     -996.3 -4.068e+05  8.909e+04 -2.673e+04 -4.466e+04 -4.771e+04 -2.849e+04  7.101e+04 -5.572e+04  3.545e+04   1.26e+05  2.253e+05  2.088e+05  9.185e+04 -2.534e+04 -1.697e+04  1.072e+05  2.062e+05  2.844e+05 -1.949e+04 -2.971e+04 -1.746e+05 -2.834e+05 -6.548e+04 -9.016e+04  6.317e+04  3.771e+04 -1.493e+04  2.238e+05 -3.355e+05 -1.058e+05 -1.795e+04       5973 -1.094e+05   1.97e+05   7.16e+04 -2.101e+04   1.06e+05 -8.217e+04  3.891e+04
 -2.394e+04 -6.328e+04   2.73e+04  3.059e+04  1.347e+05 -5.801e+04       1740 -9.598e+04 -1.548e+05 -3.368e+05       5894 -1.166e+05 -8.898e+04 -5.352e+05 -5.709e+05 -1.402e+07 -1.681e+06 -6.525e+05 -5.532e+05 -9.166e+05 -9.524e+05   -3.5e+05    1.4e+04  3.161e+04  5.425e+04  9.934e+04 -8.172e+04  1.102e+05 -1.306e+05  3.624e+04 -4.164e+04 -9.182e+04  5.035e+04 -2.974e+04 -8.739e+04 -5.859e+04 -3.542e+04   1.39e+05  6.687e+04  2.136e+05  1.764e+05 -1.615e+05  -1.24e+05  3.433e+04  1.047e+04 -1.897e+05     -531.8  5.558e+04  -1.12e+05    2.1e+04   6.68e+04       6463 -1.576e+04  1.307e+05  1.236e+05  1.636e+05  1.832e+05    1.7e+05  1.404e+05  1.021e+05  1.609e+05  1.483e+04 -9.727e+04  6.444e+04      -7597   5.78e+04  1.482e+05  7.574e+04  1.225e+05  1.256e+05  1.843e+05  4.074e+04  1.988e+05  1.596e+05  1.702e+05  2.285e+05  2.097e+05  3.771e+04  1.237e+05   2.08e+05 -1.303e+05  1.394e+05  1.577e+04  8.026e+04  1.016e+05  2.031e+04  8.641e+04
 -2.078e+05 -5.182e+05 -4.862e+05      132.6 -3.712e+05  2.359e+05 -8.539e+04 -4.627e+05 -2.689e+05  1.819e+05 -8.892e+04 -5.437e+04 -4.108e+05 -4.739e+05 -1.225e+06 -1.681e+06 -7.936e+07 -9.486e+05 -2.815e+06 -5.886e+05 -3.936e+05 -2.617e+05  -1.27e+05  8.801e+04 -2.754e+04  1.281e+05 -2.232e+05  6.099e+04 -3.146e+05 -6.442e+04  1.507e+05  4.111e+04 -1.941e+05 -7.793e+04  6.434e+04  2.066e+04  3.689e+04 -2.306e+05  9.156e+04 -1.217e+05  1.616e+05  3.094e+04  2.557e+05  5.644e+04 -3.806e+05 -3.156e+05  -1.92e+05 -6.591e+05  -2.25e+05  2.613e+05   1.04e+04 -4.142e+04   9.23e+04  2.278e+04  8.928e+04  5.905e+04  1.208e+05  1.223e+05 -2.916e+05  1.159e+04 -4.924e+04 -2.148e+05  2.269e+05   2.82e+05  9.764e+04  3.104e+05  2.078e+05  7.627e+04  -1.19e+05 -2.875e+04  2.636e+05  1.433e+05  3.095e+05  3.603e+05   2.31e+05  7.852e+04    2.8e+05  2.228e+05  2.967e+05 -2.032e+05  2.903e+05 -2.407e+05 -1.559e+05  9.282e+04      418.8 -1.723e+05  3.278e+04
 -2.152e+04 -1.348e+05  2.765e+04  1.431e+04  3.309e+04 -7.392e+04 -2.108e+05 -1.477e+04 -1.429e+05 -3.224e+04       9588 -1.287e+05 -3.127e+05 -7.572e+04  -6.99e+05 -6.525e+05 -9.486e+05 -1.395e+07 -8.328e+05 -7.333e+05  -7.05e+05 -4.509e+05 -7.973e+04  7.283e+04  6.069e+04      210.9 -6.579e+04  1.061e+05 -3.365e+04 -2.946e+04 -1.703e+05 -1.541e+05 -6.564e+04  -1.59e+05   6.88e+04 -2.901e+05 -1.381e+05  1.044e+04  -7.08e+04      -8524 -2.894e+05 -1.921e+04 -8.214e+04  4.075e+04 -2.566e+05 -3.924e+04  -5.65e+04  1.342e+05 -1.283e+05  1.231e+05  6.069e+04 -7.119e+04   3.33e+04  9.489e+04   8.11e+04  1.043e+05  5.343e+04  1.631e+05   2.62e+05  1.634e+04   7.52e+04 -1.206e+05 -1.543e+05  1.872e+05 -4.495e+05  2.761e+05  7.198e+04      -9808 -1.129e+05 -5.225e+04  1.222e+05  2.138e+04 -9.361e+04 -3.723e+04  1.694e+05  1.143e+05  1.307e+05 -1.176e+04 -7.021e+04  1.346e+04      -8529   8.96e+04      -6007  5.197e+04  8.127e+04  3.023e+04 -1.302e+04
 -1.005e+05 -2.145e+05  8.115e+04 -3.695e+04  7.394e+04   2.76e+05  1.727e+05  -2.73e+05 -3.574e+05 -3.159e+04 -1.026e+05  -1.67e+05 -2.771e+05 -1.774e+05 -9.857e+05 -5.532e+05 -2.815e+06 -8.328e+05 -2.478e+07 -7.291e+05 -9.189e+05 -1.294e+05      -2212 -7.151e+04  7.439e+04  3.134e+04 -1.097e+05  5.568e+04 -2.104e+05 -3.462e+04 -3.422e+04  2.538e+04  -1.75e+04  7.271e+04 -1.161e+05 -1.242e+05 -4.794e+04  9.344e+04  5.645e+04  8.556e+04 -1.803e+05  4.034e+04  1.926e+04  1.492e+05 -1.925e+05 -3.687e+05 -2.018e+04  4.024e+04 -3.255e+05  1.809e+05  9.028e+04  4.362e+04 -3.066e+05 -6.365e+04  1.165e+05  4.303e+04  1.201e+05      -6995 -1.806e+05  1.265e+04  7.312e+04 -1.776e+05  1.311e+05  9.134e+04  9.052e+04  1.741e+05 -9.005e+04       8564 -7.589e+04 -2.088e+05  1.486e+05  5.232e+04  1.417e+05  -6.53e+04  -2.99e+05 -8.329e+05  3.187e+05       9691  1.036e+05  2.117e+05 -9.522e+05      849.9   3.21e+05  3.611e+04  9.557e+04 -8.317e+04 -6.472e+04
  8.343e+04 -1.572e+05 -2.046e+04 -1.496e+05 -2.851e+04 -1.345e+05 -5.783e+05  -4.77e+04 -3.131e+05 -2.291e+04 -1.086e+05 -2.065e+05 -3.566e+05 -1.097e+05 -3.698e+05 -9.166e+05 -5.886e+05 -7.333e+05 -7.291e+05 -2.628e+07 -1.311e+06 -7.159e+05 -3.061e+05  1.762e+05  5.843e+04  1.154e+05  3.071e+05  9.066e+04  1.822e+05 -3.771e+04  2.734e+05 -1.602e+05  2.855e+05 -1.554e+05  3.436e+04  -5.08e+04 -3.783e+05 -6.119e+04 -5.304e+04   1.36e+05  1.252e+04 -6.593e+05      -8358 -1.166e+05 -1.953e+05 -1.268e+05  1.888e+05  1.638e+04 -1.733e+05      42.52   6.31e+04 -5.558e+04  1.531e+05 -3.853e+05 -5.996e+04   6.01e+04       3772  4.972e+04 -5.145e+05 -3.277e+05 -1.634e+05 -4.454e+05 -5.655e+05 -2.743e+05 -1.444e+05 -1.059e+06  1.022e+05      -6979 -2.325e+05  1.891e+05  5.469e+04  2.537e+04  1.337e+05   1.27e+05 -3.899e+05  3.253e+05   1.34e+04 -9.199e+04 -2.177e+05  9.038e+04  3.154e+05  1.558e+05     -1e+05  4.917e+04       1012 -2.009e+05  -9.11e+04
  2.987e+05  2.313e+05  6.603e+04      186.6  1.127e+05  3.668e+04 -3.031e+05  1.875e+05 -1.497e+05  1.096e+05 -2.671e+04 -1.876e+05  -1.48e+05 -1.002e+05 -5.067e+05 -9.524e+05 -3.936e+05  -7.05e+05 -9.189e+05 -1.311e+06  -2.74e+07  1.937e+05   2.25e+05 -1.332e+04  1.776e+05  4.892e+04  -1.51e+05  5.451e+04  -1.64e+05  1.208e+04  1.178e+05 -8.768e+04 -2.513e+04 -1.574e+05 -1.065e+05 -6.875e+04 -1.774e+05 -4.379e+04 -2.932e+05  1.384e+05 -9.947e+04 -7.361e+04 -1.482e+05  1.003e+05 -1.926e+05   1.38e+05 -1.585e+05  4.666e+04 -9.132e+04  1.511e+05 -1.059e+05 -3.018e+05  2.637e+05  -1.12e+04   1.47e+05  1.319e+05 -4.242e+04  1.224e+05  2.089e+05  9.433e+04  5.587e+04 -3.564e+05 -4.495e+05  2.036e+04      -6122 -1.292e+05   1.42e+05  8.018e+04  1.695e+05  2.098e+05  7.076e+04  8.735e+04 -1.176e+05  2.232e+05  2.786e+05  3.707e+05  2.102e+05      -3811  1.579e+05 -1.082e+05  3.558e+05 -2.677e+05 -4.373e+05  1.313e+05  1.349e+05 -3.921e+04  6.886e+04
       3029 -7.278e+05 -4.703e+05 -3.778e+05 -2.753e+05  8.687e+04 -4.513e+05 -2.152e+06  -4.33e+06 -4.351e+05 -6.324e+05 -3.849e+05 -7.683e+05 -3.598e+05 -3.722e+05   -3.5e+05 -2.617e+05 -4.509e+05 -1.294e+05 -7.159e+05  1.937e+05 -1.391e+08 -4.203e+06 -8.932e+05 -1.698e+05 -1.191e+05 -1.884e+06 -1.205e+05 -4.165e+05 -2.495e+05 -5.062e+05 -7.424e+05 -3.132e+05  2.122e+05   -2.6e+05 -1.391e+05  1.287e+05 -1.778e+06 -5.223e+05 -7.457e+05  2.244e+05  2.818e+05  1.657e+05  2.374e+05 -3.959e+05  2.719e+05 -3.843e+05 -1.169e+05  2.939e+04  2.543e+05 -1.795e+05 -8.649e+04 -1.917e+06 -3.039e+05 -2.668e+04 -4.387e+05 -1.366e+05 -3.828e+05 -5.889e+04 -5.833e+04      -4627 -5.432e+05  -1.28e+05  3.957e+04 -2.046e+05  3.606e+05 -2.872e+05 -4.989e+04 -2.363e+05  9.874e+04  1.444e+05       2409 -6.392e+05      -8933  3.057e+05 -8.839e+05  9.986e+04       1919  6.276e+04  1.525e+05  1.862e+05  2.617e+05  3.677e+05 -6.265e+05  4.563e+04  8.386e+04 -1.502e+05
 -4.258e+05 -4.828e+05 -1.669e+05 -3.383e+05 -2.013e+05  8.965e+04   1.59e+04 -5.286e+05 -1.203e+06  -5.86e+05 -1.615e+05 -2.865e+05 -3.224e+05 -1.751e+05 -5.277e+04    1.4e+04  -1.27e+05 -7.973e+04      -2212 -3.061e+05   2.25e+05 -4.203e+06 -2.518e+07 -6.824e+05 -1.045e+05 -1.611e+05 -1.706e+06 -1.266e+05 -7.304e+05   -2.4e+04 -4.112e+05 -9.739e+04 -2.108e+05 -2.342e+05 -8.956e+04  5.336e+04 -1.812e+05 -2.067e+05 -1.876e+05 -3.183e+05 -2.662e+05  2.128e+05  1.632e+05 -7.733e+04 -5.939e+04 -6.477e+04  1.352e+04  -1.08e+05 -1.824e+05  1.952e+05      -9771 -9.279e+04  -9.91e+05 -2.184e+05 -3.215e+04 -1.296e+05   4.07e+04 -1.692e+05  1.763e+04  -1.93e+05  9.349e+04 -6.037e+04 -3.874e+05 -3.241e+05 -4.014e+05  3.382e+05 -2.661e+05  5.099e+04 -5.584e+04 -2.387e+04  1.121e+04  8.452e+04 -2.118e+05  6.899e+04 -9.555e+04  -1.51e+04 -9.582e+04 -5.643e+05 -3.609e+05 -1.076e+05 -2.303e+04 -5.387e+04  9.768e+04 -2.318e+05 -1.196e+05 -6.418e+04 -1.006e+05
 -2.892e+05  -7.18e+04 -2.979e+05 -4.004e+04 -8.558e+04  3.353e+04 -4.198e+05 -3.353e+05 -3.842e+05 -1.901e+05 -1.218e+05 -7.819e+04 -1.815e+05  4.126e+04 -4.793e+04  3.161e+04  8.801e+04  7.283e+04 -7.151e+04  1.762e+05 -1.332e+04 -8.932e+05 -6.824e+05 -1.125e+07 -3.709e+05 -4.349e+05 -2.383e+05 -4.698e+04  -9.74e+04 -9.171e+04 -1.829e+05 -6.636e+04 -8.038e+04  6.681e+04 -1.669e+05  1.463e+05 -2.378e+04 -3.332e+05 -6.916e+04 -3.738e+04 -5.777e+04 -2.206e+05  9.025e+04 -1.102e+05 -2.379e+05       7454       6950 -3.394e+04 -9.159e+04  4.055e+04 -1.238e+05      -5219 -2.154e+05 -3.066e+05  2.829e+04 -1.522e+05  1.264e+04 -3.687e+04       4658 -4.488e+04  1.439e+05  -9.53e+04  7.176e+04 -1.023e+04  1.627e+05  3.638e+04  -5.86e+04  2.124e+04 -2.074e+05 -5.769e+04       6138  1.925e+04 -1.399e+05 -1.174e+05  2.395e+04 -1.935e+05  4.037e+04 -2.354e+05 -7.467e+04   7.11e+04 -2.532e+05  2.064e+04        394 -1.329e+05  -6.09e+04       8893      -1710
 -5.356e+04 -1.509e+05 -1.627e+04 -4.881e+04  -6.86e+04 -5.779e+04 -3.367e+04 -1.724e+05  -2.22e+05  -8.24e+04 -2.388e+04 -2.907e+04 -5.628e+04 -2.957e+04  4.165e+04  5.425e+04 -2.754e+04  6.069e+04  7.439e+04  5.843e+04  1.776e+05 -1.698e+05 -1.045e+05 -3.709e+05 -6.002e+06 -7.803e+04 -1.603e+05 -1.882e+04 -6.062e+04  1.566e+04 -2.077e+05 -5.263e+04  -6.68e+04  3.388e+04 -4.571e+04  1.109e+04  4.928e+04 -1.209e+05 -7.714e+04 -3.002e+04  4.361e+04 -2.028e+04 -1.327e+05      -1658 -1.707e+05 -1.468e+05 -6.724e+04 -1.237e+04 -1.341e+05  4.081e+04 -1.895e+05 -3.234e+04 -2.765e+05 -1.817e+04   3.87e+04       7436 -6.832e+04 -1.062e+04 -4.448e+04  4.723e+04     -416.3 -4.294e+04      -5808  2.955e+04   -1.3e+05  1.387e+05 -6.783e+04  2.003e+04      -2370  5.558e+04      -2487 -6.339e+04 -2.212e+05  1.994e+04 -1.529e+05  -4.98e+04      -7012 -3.554e+05 -2.007e+05 -8.042e+04 -9.239e+04 -7.649e+04 -9.395e+04 -3.717e+04  1.142e+04 -2.697e+04 -4.699e+04
  -4.09e+04 -1.135e+05      430.2  4.407e+04  -1.11e+05  8.412e+04 -1.616e+05 -7.759e+04  1.945e+04 -1.219e+05 -8.438e+04 -5.434e+04 -1.233e+04  1.112e+05  3.654e+04  9.934e+04  1.281e+05      210.9  3.134e+04  1.154e+05  4.892e+04 -1.191e+05 -1.611e+05 -4.349e+05 -7.803e+04 -6.082e+06 -2.539e+05 -8.567e+04 -1.597e+05 -1.242e+04      -5054 -1.225e+04 -4.298e+04   1.67e+04 -8.657e+04      -6893 -7.606e+04 -9.134e+04 -6.489e+04  -2.08e+04 -1.883e+05 -8.503e+04      -7641 -4.615e+05  2.682e+04 -5.285e+04       3562 -7.324e+04  -1.25e+04 -1.515e+05 -6.129e+04 -4.729e+04 -2.429e+05  1.025e+05   2.91e+04 -3.376e+04  1.325e+04  -2.26e+04 -1.045e+04       4066  3.956e+04  -4.67e+04 -5.077e+04 -1.141e+04   -2.6e+05 -4.437e+05  -5.75e+04       7043  6.924e+04 -1.577e+05 -1.388e+04  4.485e+04 -2.354e+05  -1.59e+05 -5.122e+04  8.974e+04 -9.473e+04 -3.584e+05  -1.83e+05 -2.058e+05 -2.275e+04  1.999e+05 -1.089e+05  1.331e+04  2.795e+04 -1.681e+04  2.969e+04
  -3.99e+05 -1.749e+05  -8.77e+04 -2.188e+05 -1.791e+05   1.23e+05 -7.724e+04 -3.035e+05 -6.138e+05 -8.405e+05 -3.299e+05  -3.12e+05 -3.027e+05 -6.888e+04 -3.219e+05 -8.172e+04 -2.232e+05 -6.579e+04 -1.097e+05  3.071e+05  -1.51e+05 -1.884e+06 -1.706e+06 -2.383e+05 -1.603e+05 -2.539e+05 -2.267e+07 -1.237e+05 -2.705e+06 -8.608e+04 -1.579e+06 -1.036e+05  -2.05e+05  -2.57e+05 -9.132e+04 -9.973e+04 -1.059e+05 -3.465e+05 -3.222e+05 -1.889e+04 -2.721e+05  4.545e+04  8.022e+04      -1116 -6.153e+05 -2.774e+04  1.125e+05 -4.169e+05 -4.064e+05 -8.974e+05 -1.287e+04 -3.558e+04 -1.414e+06  -3.64e+05   2.54e+04   -1.2e+05 -2.697e+04 -8.384e+04 -3.072e+05 -1.196e+05 -9.088e+04  1.023e+05 -2.086e+04 -3.467e+04 -7.149e+04  2.703e+05 -1.421e+05 -2.305e+04 -1.756e+05 -5.101e+04      -2902 -1.614e+04  -2.26e+05  7.607e+04  1.746e+05  2.121e+05  4.171e+04 -1.684e+05 -2.309e+05 -1.935e+05 -7.896e+04 -6.031e+04  1.684e+05  -1.22e+05 -3.738e+04 -9.586e+04 -1.645e+05
 -1.485e+05 -1.252e+05 -4.231e+04  2.684e+04  1.853e+04  9.934e+04  1.944e+04 -3.146e+04 -2.239e+05 -1.433e+05  -1.57e+04 -2.025e+04  1.538e+04 -6.075e+04  2.253e+04  1.102e+05  6.099e+04  1.061e+05  5.568e+04  9.066e+04  5.451e+04 -1.205e+05 -1.266e+05 -4.698e+04 -1.882e+04 -8.567e+04 -1.237e+05  -2.61e+06 -2.258e+04  1.067e+04      -9388 -8.967e+04      -2410  7.767e+04  6.645e+04  2.258e+04  1.158e+05  1.125e+04 -7.659e+04  1.825e+04      -3429 -3.937e+04  7.426e+04       8815 -2.115e+05 -2.673e+04    2.5e+04  2.536e+04 -7.829e+04  7.445e+04       8711      -1636 -1.485e+05 -7.122e+04  1.747e+04  1.372e+04      -5195  -2.72e+04 -2.319e+04 -3.996e+04       4300  5.498e+04  1.592e+04  5.233e+04  6.765e+04   9.65e+04      -8036  2.049e+04 -4.233e+04      -1409 -2.653e+04  1.713e+04 -1.382e+04 -1.996e+04       9643 -1.436e+04 -1.998e+05 -1.943e+05 -4.055e+04  1.825e+04  2.427e+04  7.483e+04  4.369e+04 -2.342e+04  1.514e+04      -3519 -1.858e+04
 -1.108e+05 -1.077e+05 -2.611e+05 -1.139e+05 -4.451e+04 -7.524e+04 -4.954e+04 -5.268e+05 -5.362e+05 -3.157e+05 -9.055e+04 -1.536e+05  -3.17e+05 -6.152e+04 -4.209e+05 -1.306e+05 -3.146e+05 -3.365e+04 -2.104e+05  1.822e+05  -1.64e+05 -4.165e+05 -7.304e+05  -9.74e+04 -6.062e+04 -1.597e+05 -2.705e+06 -2.258e+04 -1.554e+07 -1.395e+05 -4.357e+06 -1.531e+05 -4.032e+05 -1.618e+05 -1.842e+05 -1.123e+05 -3.853e+05  -1.68e+05  -1.29e+05 -2.981e+04 -1.978e+05 -2.498e+05  3.055e+04  7.615e+04       5491  3.988e+04 -9.432e+04  6.298e+04 -1.234e+05  1.023e+05 -2.271e+05  -1.82e+04 -3.779e+05 -2.961e+05  1.669e+04 -1.558e+04  2.933e+04 -1.617e+04  1.187e+05 -3.707e+04 -1.687e+05 -2.052e+05  -1.93e+05  4.621e+04  1.059e+05  3.237e+05 -1.069e+05 -8.753e+04 -1.308e+05 -2.492e+05    2.6e+04 -8.581e+04 -2.134e+05  9.842e+04  3.349e+04 -1.894e+05 -2.656e+05 -2.274e+05 -1.084e+05  -2.36e+04  8.171e+04 -1.998e+04  1.337e+05  -1.17e+05  2.973e+04  2.325e+04 -6.435e+04
  -5.15e+04 -2.195e+04 -3.438e+04  3.049e+04  2.131e+04      -7721  1.653e+04 -5.908e+04 -1.877e+05  1.558e+04  5.907e+04       7987 -7.103e+04  5.254e+04  7.493e+04  3.624e+04 -6.442e+04 -2.946e+04 -3.462e+04 -3.771e+04  1.208e+04 -2.495e+05   -2.4e+04 -9.171e+04  1.566e+04 -1.242e+04 -8.608e+04  1.067e+04 -1.395e+05 -6.488e+06 -7.622e+05 -1.222e+05 -9.596e+04 -7.225e+04  -1.18e+05 -1.272e+05  -2.57e+05  7.732e+04  3.356e+04  4.439e+04 -1.734e+04  2.334e+05 -1.361e+04      -3418  9.994e+04 -2.639e+04       8862  4.636e+04  1.079e+05  1.586e+05   -2.9e+04  3.505e+04   -8.9e+04  9.404e+04   6.05e+04  3.367e+04  3.848e+04  5.784e+04 -2.307e+05  2.905e+04  2.733e+04 -2.688e+04  9.682e+04       7701 -2.018e+05  1.556e+05  3.522e+04  5.274e+04      -5334 -3.676e+04       6607  6.476e+04 -2.119e+04 -2.087e+04  4.644e+04 -6.745e+04  9.194e+04  2.936e+04  5.596e+04      -9172    7.6e+04  1.584e+05  1.502e+05  1.798e+04  6.608e+04  8.593e+04      830.3
 -2.427e+04 -1.899e+04 -1.719e+05 -8.808e+04 -4.659e+04  1.413e+05   8.08e+04 -2.562e+04 -4.441e+05 -1.574e+05 -7.558e+04 -2.025e+05 -1.691e+05  6.806e+04 -1.561e+05 -4.164e+04  1.507e+05 -1.703e+05 -3.422e+04  2.734e+05  1.178e+05 -5.062e+05 -4.112e+05 -1.829e+05 -2.077e+05      -5054 -1.579e+06      -9388 -4.357e+06 -7.622e+05  -5.62e+07 -8.074e+05 -1.558e+06 -3.354e+05 -3.823e+05 -1.614e+05 -1.547e+06 -3.591e+05 -2.744e+05 -1.124e+05   1.56e+04 -3.468e+05  -1.06e+05 -1.205e+05 -3.926e+05  2.281e+04 -2.209e+04 -3.757e+05  -7.84e+05  3.924e+04 -6.512e+04 -1.051e+05 -3.113e+05  1.097e+04  3.647e+04  5.002e+04  1.643e+05 -1.409e+04  1.824e+05  1.766e+05  1.213e+05 -3.543e+04  2.113e+05  1.501e+05      -6503  3.425e+05 -2.337e+05  2.647e+04 -1.676e+05 -3.609e+05  4.916e+04  2.077e+05 -3.114e+05 -2.972e+05   1.44e+05  3.014e+05   3.04e+05  -4.02e+04 -7.902e+05       2842  2.746e+05  3.255e+05   2.79e+05   3.01e+04  -7.62e+04  1.587e+05  -1.35e+05
  5.768e+04  4.624e+04 -2.245e+05 -2.998e+04  5.421e+04 -8.181e+04 -7.041e+04 -6.716e+04 -7.799e+04 -3.646e+05       4441 -6.431e+04      975.4  -2.49e+04 -3.324e+04 -9.182e+04  4.111e+04 -1.541e+05  2.538e+04 -1.602e+05 -8.768e+04 -7.424e+05 -9.739e+04 -6.636e+04 -5.263e+04 -1.225e+04 -1.036e+05 -8.967e+04 -1.531e+05 -1.222e+05 -8.074e+05 -7.251e+06 -1.901e+05 -1.052e+05 -1.515e+05 -3.874e+05 -3.531e+05 -9.462e+04 -1.044e+04 -2.099e+05      -3463 -2.029e+04 -1.715e+04  4.924e+04 -9.548e+04 -3.661e+04  1.398e+04 -9.986e+04  1.746e+04  1.856e+05      -8423 -3.042e+04 -1.815e+05       5483  4.582e+04  3.915e+04  3.436e+04      -6188  -9.11e+04 -3.244e+04 -1.226e+05 -9.041e+04  3.596e+04  8.072e+04  7.766e+04  2.428e+05  -5.43e+04  -2.91e+04   4.21e+04  1.087e+05      968.8 -1.855e+04  5.568e+04       7473  9.394e+04  3.712e+04 -4.617e+04 -4.127e+05 -1.305e+05 -2.503e+04  1.635e+05  1.561e+05  1.731e+05       7744  2.445e+04       6024  1.416e+04
 -2.755e+05 -1.808e+04 -7.837e+04  8.644e+04 -7.544e+04  1.674e+05 -2.592e+04 -5.516e+04 -1.914e+05 -3.198e+05 -4.182e+04  1.632e+04 -1.021e+04  1.451e+05 -2.353e+05  5.035e+04 -1.941e+05 -6.564e+04  -1.75e+04  2.855e+05 -2.513e+04 -3.132e+05 -2.108e+05 -8.038e+04  -6.68e+04 -4.298e+04  -2.05e+05      -2410 -4.032e+05 -9.596e+04 -1.558e+06 -1.901e+05 -1.532e+07  -2.75e+05 -5.618e+05  -2.43e+05 -4.085e+05  -2.85e+04 -8.886e+04 -2.645e+04 -2.422e+05 -3.856e+05  7.072e+04      -1893 -1.321e+05  3.198e+04       1878   8.78e+04  6.541e+04 -3.133e+05  1.555e+05       1359  1.642e+05 -1.074e+05  4.971e+04  3.695e+04  2.759e+04  2.761e+04  5.391e+04  8.813e+04  1.525e+05  1.598e+05  2.249e+05  8.923e+04  1.029e+05 -9.307e+04    4.2e+04      -4385  3.403e+04  6.972e+04  2.438e+04 -5.802e+04 -7.547e+04  5.629e+04 -1.344e+05 -2.475e+05  2.114e+05 -5.257e+04  2.195e+05      -5043  7.112e+04 -2.857e+05 -2.897e+04 -2.757e+04 -2.465e+04  7.779e+04 -1.095e+04
  5.277e+04 -1.038e+05 -1.206e+04  3.746e+04 -1.537e+04 -4.341e+04 -1.123e+05 -2.286e+05  1.583e+05  4.484e+04  6.209e+04  3.103e+04 -6.953e+04 -5.411e+04       5378 -2.974e+04 -7.793e+04  -1.59e+05  7.271e+04 -1.554e+05 -1.574e+05  2.122e+05 -2.342e+05  6.681e+04  3.388e+04   1.67e+04  -2.57e+05  7.767e+04 -1.618e+05 -7.225e+04 -3.354e+05 -1.052e+05  -2.75e+05  -8.17e+06 -2.422e+05 -4.427e+05 -3.706e+05 -1.328e+04 -1.842e+05  2.805e+04      -4688 -3.162e+05       7692  5.927e+04  1.698e+04  1.768e+04      -6569       1177  5.144e+04       5919      189.2  1.072e+04  -1.03e+05   2.86e+04  8.568e+04   1.77e+04  5.654e+04 -7.356e+04 -2.535e+05  1.219e+05 -1.083e+04  2.529e+04 -1.515e+05 -1.974e+04 -9.128e+04 -6.965e+04  4.732e+04  3.973e+04  3.334e+04 -2.796e+04        851      -2846  8.427e+04  1.235e+05  2.371e+05 -2.513e+04 -8.227e+04 -1.911e+04  1.291e+04 -4.748e+04    1.2e+05  1.315e+05 -2.671e+04  8.781e+04  1.083e+05  1.191e+05  5.317e+04
 -7.001e+04  3.562e+04       8653   2.12e+04 -2.253e+04 -6.076e+04  1.567e+05 -6.438e+04 -3.222e+05 -6.116e+04 -6.253e+04 -3.079e+04  5.295e+04  1.549e+05  1.233e+05 -8.739e+04  6.434e+04   6.88e+04 -1.161e+05  3.436e+04 -1.065e+05   -2.6e+05 -8.956e+04 -1.669e+05 -4.571e+04 -8.657e+04 -9.132e+04  6.645e+04 -1.842e+05  -1.18e+05 -3.823e+05 -1.515e+05 -5.618e+05 -2.422e+05 -1.559e+07 -4.304e+05 -6.084e+05 -8.111e+04 -8.742e+04  1.592e+04       5546 -1.625e+05      -7553  1.257e+04   2.24e+05  1.107e+05  4.019e+04 -4.881e+04 -8.121e+04  1.556e+05 -1.742e+04       2369 -2.119e+04  6.536e+04  5.635e+04  5.612e+04  7.284e+04  2.178e+04 -2.551e+05  1.014e+05 -1.589e+05 -2.747e+04  4.222e+04 -1.083e+05   7.71e+04 -3.311e+05  2.185e+04 -5.392e+04  1.455e+05  4.089e+04   -3.5e+04      -6644 -5.282e+04  4.885e+04  1.751e+05  1.157e+05  5.349e+04  -4.41e+04 -2.359e+05 -4.998e+04 -6.937e+04 -7.682e+04  1.399e+05      -6164  8.543e+04 -1.074e+04       1380
   7.32e+04      -7668  1.452e+05  1.109e+04  1.452e+05  2.264e+05 -1.032e+05 -5.467e+04 -1.589e+04  1.425e+05  1.884e+04  7.224e+04 -6.933e+04      -7535      -9181 -5.859e+04  2.066e+04 -2.901e+05 -1.242e+05  -5.08e+04 -6.875e+04 -1.391e+05  5.336e+04  1.463e+05  1.109e+04      -6893 -9.973e+04  2.258e+04 -1.123e+05 -1.272e+05 -1.614e+05 -3.874e+05  -2.43e+05 -4.427e+05 -4.304e+05 -1.766e+07 -1.387e+06  1.532e+05  -3.33e+04  2.101e+05 -8.958e+04  2.763e+05  -3.35e+04 -1.834e+05  2.016e+05  2.129e+05 -1.412e+05  1.113e+05 -4.664e+05  2.303e+04 -2.645e+04  3.698e+04  5.915e+04 -2.166e+05  3.321e+04  1.526e+05  3.918e+04   9.38e+04  1.623e+05 -2.274e+04  6.203e+04  1.642e+05  8.597e+04  6.706e+04 -3.102e+05 -2.751e+05  1.409e+05  1.169e+05  9.861e+04  1.951e+05  7.849e+04 -2.627e+05  9.404e+04  3.336e+05  2.154e+05  2.328e+05  2.326e+05 -8.865e+04  3.227e+04   2.47e+05  1.195e+05  1.092e+05  -2.06e+04   6.56e+04  1.313e+05   1.42e+05  7.993e+04
   2.89e+05   1.63e+05     -673.6 -3.776e+04  8.646e+04  4.356e+04  -2.77e+05  2.324e+05 -1.481e+04  6.373e+04  1.153e+04 -1.313e+05      -4460  3.933e+04  5.977e+04 -3.542e+04  3.689e+04 -1.381e+05 -4.794e+04 -3.783e+05 -1.774e+05  1.287e+05 -1.812e+05 -2.378e+04  4.928e+04 -7.606e+04 -1.059e+05  1.158e+05 -3.853e+05  -2.57e+05 -1.547e+06 -3.531e+05 -4.085e+05 -3.706e+05 -6.084e+05 -1.387e+06 -2.395e+07  2.411e+04  1.314e+05  1.484e+05 -1.931e+05  2.364e+05  9.856e+04 -1.081e+05  1.999e+05 -2.423e+05 -1.498e+05 -1.796e+05  1.401e+05  8.042e+04  1.828e+05 -3.748e+04 -2.192e+05  1.777e+05  3.894e+04  7.129e+04  6.754e+04  1.592e+05  5.897e+04 -6.562e+04   1.72e+05  1.313e+05  2.168e+05  2.566e+05 -1.666e+05 -1.728e+05  9.495e+04  4.788e+04 -6.979e+04  2.614e+05  9.546e+04 -1.123e+05  6.293e+04  2.411e+05  1.772e+05  2.819e+05 -5.435e+04 -5.368e+04  1.842e+05   1.82e+05  2.451e+05  3.349e+05 -3.816e+05  7.756e+04  1.775e+05  7.475e+04       1685
 -1.919e+05 -3.842e+05 -2.863e+05 -1.592e+05 -2.284e+05  1.239e+05  4.994e+04 -4.135e+05 -5.215e+05 -3.633e+05 -1.696e+05      -9157 -2.006e+05 -1.043e+04 -1.513e+05   1.39e+05 -2.306e+05  1.044e+04  9.344e+04 -6.119e+04 -4.379e+04 -1.778e+06 -2.067e+05 -3.332e+05 -1.209e+05 -9.134e+04 -3.465e+05  1.125e+04  -1.68e+05  7.732e+04 -3.591e+05 -9.462e+04  -2.85e+04 -1.328e+04 -8.111e+04  1.532e+05  2.411e+04 -9.153e+06 -5.612e+05 -5.369e+04 -3.507e+04  3.576e+04  9.826e+04   1.37e+05 -1.982e+05 -7.765e+04 -4.351e+04 -6.892e+04       1629 -2.666e+05 -5.929e+04  -7.97e+04  -4.06e+05 -4.734e+05  2.414e+04 -1.196e+05  2.151e+04 -1.535e+05  -1.25e+05 -1.981e+04 -3.598e+04 -5.784e+04 -1.214e+04 -6.344e+04 -5.742e+04       8990 -1.674e+05 -4.231e+04  -1.91e+05 -2.702e+05  -5.79e+04  2.346e+04 -9.437e+04 -2.145e+05 -3.011e+04  -1.83e+05 -6.954e+04 -1.535e+04 -1.463e+05 -1.924e+05 -1.228e+05  2.395e+05 -5.107e+04 -1.414e+05 -1.157e+05 -4.493e+04 -3.801e+04
