
 45

((((t45: 0.044300, (t5: 0.008573, t17: 0.007370): 0.034889): 0.029088, (((t2: 0.052520, t39: 0.048613): 0.011183, (t9: 0.024067, (t10: 0.014787, (t15: 0.017786, (t40: 0.007206, t19: 0.007570): 0.009307): 0.002450): 0.015319): 0.035984): 0.004465, (((t20: 0.044017, t38: 0.045003): 0.027702, (t37: 0.109744, (t42: 0.032333, (t34: 0.037738, (t27: 0.028937, (t36: 0.007443, t12: 0.006686): 0.017325): 0.022129): 0.004037): 0.017108): 0.012079): 0.012360, (((t26: 0.014098, (t31: 0.016236, t35: 0.013325): 0.001550): 0.014589, ((t11: 0.018201, (t7: 0.007142, t6: 0.007188): 0.011973): 0.009585, t21: 0.030930): 0.007953): 0.021637, t32: 0.051806): 0.036002): 0.001884): 0.009824): 0.013204, ((t4: 0.113874, (t3: 0.049841, ((t41: 0.021752, t25: 0.021413): 0.004288, (t1: 0.011068, (t13: 0.002309, t44: 0.001926): 0.010430): 0.015206): 0.030778): 0.084888): 0.004751, (t14: 0.049537, ((t24: 0.028268, t18: 0.032672): 0.009366, ((t23: 0.010311, (t43: 0.008851, t8: 0.009199): 0.003918): 0.017190, (t30: 0.014364, (t22: 0.006144, t16: 0.006908): 0.009274): 0.010788): 0.010521): 0.022001): 0.080736): 0.001056): 0.005795, t33: 0.096505, (t28: 0.059792, t29: 0.051022): 0.116218);

  0.005795  0.013204  0.029088  0.044300  0.034889  0.008573  0.007370  0.009824  0.004465  0.011183  0.052520  0.048613  0.035984  0.024067  0.015319  0.014787  0.002450  0.017786  0.009307  0.007206  0.007570  0.001884  0.012360  0.027702  0.044017  0.045003  0.012079  0.109744  0.017108  0.032333  0.004037  0.037738  0.022129  0.028937  0.017325  0.007443  0.006686  0.036002  0.021637  0.014589  0.014098  0.001550  0.016236  0.013325  0.007953  0.009585  0.018201  0.011973  0.007142  0.007188  0.030930  0.051806  0.001056  0.004751  0.113874  0.084888  0.049841  0.030778  0.004288  0.021752  0.021413  0.015206  0.011068  0.010430  0.002309  0.001926  0.080736  0.049537  0.022001  0.009366  0.028268  0.032672  0.010521  0.017190  0.010311  0.003918  0.008851  0.009199  0.010788  0.014364  0.009274  0.006144  0.006908  0.096505  0.116218  0.059792  0.051022

 -0.076391 -0.090195 -0.067875 -0.057968  0.000000 -0.035205 -0.218415 -0.164278 -0.307129 -0.109371  0.009955 -0.028865 -0.036521 -0.062524 -0.104913  0.013193 -1.253632 -0.100083  0.007497 -0.228853 -0.290585 -1.164288 -0.102920  0.011328 -0.005575 -0.040662 -0.049461 -0.009441  0.062951 -0.096418 -0.237692 -0.100403 -0.068337  0.016971 -0.027464 -0.270399 -0.348083 -0.012923 -0.083753 -0.089498 -0.056250 -4.083923 -0.059569 -0.068931 -0.115497 -0.193144 -0.084607 -0.073624 -0.216731 -0.267000 -0.042911 -0.017156 -2.205488  0.000000  0.012019  0.019852  0.007208 -0.033882 -0.409771 -0.071780  0.000000 -0.103204 -0.028785 -0.089867 -2.629572 -0.579215  0.016696 -0.020520 -0.029616 -0.092268  0.044720 -0.038893 -0.070850 -0.088697 -0.169960 -0.720697 -0.175976 -0.142462 -0.157787  0.016641 -0.089393 -0.398023 -0.266496  0.008494  0.027638 -0.006591  0.000000


Hessian

 -4.963e+06 -2.325e+05  -4.38e+04       1715       7180  1.269e+04 -2.249e+04 -9.223e+04 -5.818e+04 -3.866e+04   2.68e+04       9597      -1824  3.694e+04       2773   2.82e+04      -3166      -4565       3305   6.51e+04  4.476e+04 -1.773e+05 -6.277e+04       9915       6533  1.665e+04 -1.797e+04     -666.7      -7985       5107  1.058e+04  3.255e+04  1.972e+04  2.527e+04  3.816e+04  3.239e+04  5.424e+04 -1.089e+04  3.121e+04  3.034e+04  1.246e+04  3.593e+04  4.774e+04       6049  4.828e+04  5.012e+04   5.61e+04  1.891e+04  4.477e+04  2.295e+04  2.009e+04  3.467e+04 -3.179e+05 -4.648e+04       7213      -6100  1.815e+04  1.696e+04       2206       4982  4.243e+04  2.186e+04  3.169e+04  1.366e+04 -3.563e+04  1.064e+04 -2.706e+04       7600       1440 -6.909e+04       7749   4.17e+04 -1.189e+04  2.294e+04   4.91e+04 -1.312e+04   3.55e+04  5.243e+04  2.936e+04  1.651e+04   5.61e+04      -7951 -2.129e+04 -4.368e+05 -2.737e+05       2590  -2.64e+04
 -2.325e+05 -5.161e+06 -5.904e+04 -1.575e+04      -6110 -3.233e+04 -2.615e+04  -5.41e+05 -2.179e+05 -1.353e+05 -2.646e+04 -1.216e+04 -5.089e+04 -2.626e+04       6070 -2.675e+04 -1.528e+05       1654  2.082e+04  3.427e+04      -1514 -2.315e+05 -1.739e+05 -7.265e+04 -4.751e+04 -1.331e+04 -6.418e+04      -7040 -6.714e+04      -9042 -7.179e+04  1.164e+04      -7745 -1.242e+04 -5.207e+04   2.45e+04   3.15e+04 -6.157e+04 -3.085e+04 -1.291e+04 -3.334e+04 -6.363e+04 -2.533e+04  1.039e+04 -4.177e+04 -1.091e+04     -270.3      -5564  -4.59e+04        682  2.192e+04  -2.44e+04 -1.193e+06 -2.453e+05 -4.019e+04 -4.361e+04  3.937e+04   1.71e+04  5.955e+04  3.271e+04  1.363e+04       8100  4.017e+04      -1904  1.016e+05  7.952e+04 -7.388e+04       7274 -2.147e+04 -5.158e+04       5529  2.297e+04  1.787e+04      -5071  7.415e+04 -3.107e+04  1.702e+04  3.446e+04  1.294e+04      -3939  2.253e+04  -1.51e+04  4.427e+04 -5.387e+04 -2.544e+04  1.893e+04  1.936e+04
  -4.38e+04 -5.904e+04 -2.636e+06  -8.29e+04 -1.171e+05 -7.582e+04 -7.606e+04 -2.471e+05 -1.301e+05 -8.631e+04 -1.056e+04 -3.411e+04  -4.86e+04 -1.961e+04 -1.516e+04       1752 -1.644e+04  1.602e+04       5889  5.757e+04  2.153e+04 -1.371e+05 -4.666e+04 -3.335e+04      -1806  1.579e+04 -2.643e+04       4366 -1.915e+04 -1.127e+04 -1.887e+04       1238      -8761       4032      -9450  6.417e+04  5.868e+04      -9588      -4574 -1.432e+04   4.18e+04 -1.064e+04  2.018e+04  2.298e+04 -1.803e+04       3595  2.227e+04 -2.527e+04   2.03e+04  1.814e+04  1.655e+04      -1616 -1.385e+04      -1864       8814       2849       3224  1.904e+04  1.905e+04       6194  1.799e+04      -9739  4.525e+04   2.36e+04  1.068e+05  9.121e+04 -2.312e+04  1.444e+04 -1.512e+04  4.723e+04       8416   4.85e+04  3.192e+04  3.171e+04  3.742e+04       7978  2.147e+04 -2.915e+04  3.237e+04  1.226e+04    2.6e+04      -6788  3.213e+04 -1.292e+04       3012   2.39e+04  1.804e+04
       1715 -1.575e+04  -8.29e+04 -1.877e+06 -7.957e+04 -6.521e+04 -6.541e+04 -2.862e+04 -5.144e+04 -1.775e+04       4515       3750 -1.647e+04  -1.55e+04       3480  2.576e+04      -3036       1480 -2.508e+04       3626      441.1 -3.861e+04       4708       4171       7095       9709       2956  1.286e+04       6547       7622       1485  2.178e+04       7814   1.28e+04      -6343  2.647e+04  1.728e+04      -1258 -1.571e+04  1.013e+04  1.851e+04 -3.635e+04 -2.539e+04      -5821  3.147e+04       1356  1.228e+04       2836     -588.7       8628  1.155e+04  1.296e+04  3.566e+04  1.189e+04  1.449e+04  1.605e+04  3.211e+04  1.858e+04  5.444e+04       6908  2.593e+04  2.655e+04  2.926e+04  4.381e+04   3.33e+04  -3.59e+04       9589  2.301e+04  1.008e+04  3.732e+04       6395  4.203e+04   1.13e+04  2.896e+04  3.182e+04  3.872e+04  1.508e+04  4.688e+04  3.586e+04  3.523e+04       6508  3.793e+04       6933       6095  1.611e+04  1.849e+04  1.174e+04
       7180      -6110 -1.171e+05 -7.957e+04 -2.356e+06 -2.616e+04 -4.244e+04 -3.653e+04  -4.21e+04 -6.474e+04       3409 -1.931e+04      -1309       2240      -2484  2.014e+04  2.511e+04  1.376e+04 -1.938e+04  1.371e+04   4.28e+04 -6.402e+04      -5676      -3191      -3779  1.126e+04 -2.342e+04  1.442e+04      -7413     -482.2 -3.979e+04  1.185e+04      -3048   3.02e+04  3.045e+04  3.089e+04  1.008e+04 -1.495e+04  2.866e+04  1.578e+04      -5345       1727  3.261e+04   2.09e+04       5859  1.104e+04  3.877e+04   2.55e+04 -1.465e+04  3.204e+04  1.211e+04  1.743e+04   2.71e+04       8422  2.306e+04       8163   2.45e+04  1.003e+04  1.433e+04  2.163e+04  2.321e+04  1.657e+04  2.806e+04   2.19e+04 -1.448e+04  6.322e+04  1.442e+04  1.886e+04  3.699e+04  1.895e+04  2.974e+04  3.442e+04  3.857e+04  1.313e+04  2.282e+04  1.011e+04  3.904e+04      -7750 -1.046e+04      -6184  3.311e+04  5.144e+04  5.924e+04       4374  1.156e+04   2.83e+04  2.296e+04
  1.269e+04 -3.233e+04 -7.582e+04 -6.521e+04 -2.616e+04 -1.036e+07 -1.719e+06 -2.807e+04 -1.111e+05 -4.753e+04  1.794e+04 -2.315e+04 -1.686e+04  2.876e+04      854.1 -1.531e+04 -6.572e+04  -4.71e+04  3.941e+04 -7.974e+04       4835 -2.835e+04 -6.368e+04 -1.722e+04       4220      748.5 -8.599e+04   3.53e+04  -8.47e+04 -2.056e+04  -8.59e+04       1063 -4.145e+04       5592  1.302e+04  6.744e+04  3.566e+04  4.081e+04 -4.455e+04 -3.918e+04  1.538e+04 -9.295e+04 -3.881e+04 -6.385e+04  -3.44e+04  1.256e+04       6136 -4.347e+04  6.544e+04      -1317      -1547  1.267e+04  7.275e+04      -7462       8106  3.612e+04  2.346e+04    2.1e+04 -9.081e+04  2.579e+04      -9963  1.565e+04       4718 -5.926e+04       6904  4.339e+04  1.206e+04  1.969e+04  3.328e+04  1.168e+04  2.834e+04   1.24e+04  4.089e+04 -2.073e+04  1.201e+04 -1.331e+05 -6.155e+04 -1.846e+04   6.39e+04 -3.289e+04  1.091e+04 -1.371e+04   3.92e+04  2.408e+04  1.479e+04  2.653e+04  2.972e+04
 -2.249e+04 -2.615e+04 -7.606e+04 -6.541e+04 -4.244e+04 -1.719e+06 -1.175e+07 -4.227e+04 -1.395e+05 -3.496e+04       5292 -2.568e+04 -1.413e+04  5.572e+04 -4.111e+04 -2.854e+04 -2.062e+05 -6.204e+04 -5.411e+04 -2.008e+05 -4.333e+04 -1.086e+05 -4.796e+04 -2.959e+04  -3.71e+04       7107 -6.702e+04  1.825e+04  -1.45e+04 -1.228e+04  2.219e+04 -1.269e+04   1.99e+04 -2.309e+04       5924  2.016e+04 -2.242e+05      -6916 -2.982e+04 -6.491e+04 -1.099e+04  -6.96e+04 -3.525e+04      -9622  6.692e+04 -2.171e+04  3.404e+04  2.443e+04 -2.526e+04  1.026e+04 -2.307e+04  1.845e+04  9.092e+04  3.321e+04  2.026e+04  2.329e+04  2.405e+04   2.83e+04 -9.023e+04       6889       3442  3.769e+04       3849  5.301e+04  4.358e+04  6.404e+04       1971  3.075e+04  4.638e+04  3.154e+04  1.755e+04       1643  3.102e+04 -3.307e+04 -2.393e+04 -1.724e+04  -5.55e+04   1.39e+04  4.746e+04  4.163e+04   6.16e+04 -8.172e+04  9.691e+04  2.197e+04       2875  1.985e+04  2.132e+04
 -9.223e+04  -5.41e+05 -2.471e+05 -2.862e+04 -3.653e+04 -2.807e+04 -4.227e+04 -7.253e+06  -5.16e+05   -1.2e+05 -4.397e+04 -4.159e+04 -8.461e+04  1.274e+04  1.454e+04  1.994e+04 -1.327e+05       6494 -4.622e+04  7.878e+04  4.285e+04 -5.913e+05 -1.307e+05 -7.455e+04 -1.293e+04      -4787 -8.052e+04      -2885 -8.055e+04 -3.565e+04 -9.983e+04      -2800 -3.227e+04       5596 -4.655e+04  5.363e+04  3.967e+04 -1.196e+05 -3.641e+04  1.482e+04  1.128e+04 -1.364e+05 -7.114e+04 -4.154e+04 -1.751e+04 -3.233e+04      -7690 -4.131e+04       3486  5.113e+04 -1.553e+04 -4.441e+04 -2.011e+05 -1.127e+05  -3.19e+04  -1.69e+04       8084 -1.449e+04 -4.179e+04       9719       5216 -1.561e+04 -1.247e+04      -8271  8.398e+04   1.03e+05  -2.86e+04      999.4 -1.704e+04   4.85e+04  4.502e+04  4.943e+04  1.742e+04   5.15e+04       4068  -2.41e+04      -8085 -2.933e+04      -1241       8507  1.962e+04  2.429e+04 -3.839e+04 -1.493e+04      25.35  1.156e+04  2.878e+04
 -5.818e+04 -2.179e+05 -1.301e+05 -5.144e+04  -4.21e+04 -1.111e+05 -1.395e+05  -5.16e+05 -1.294e+07 -8.547e+05 -8.723e+04 -9.676e+04 -4.064e+05 -8.444e+04 -6.152e+04 -1.003e+05 -2.237e+05 -1.108e+05 -1.097e+05 -8.609e+04 -7.576e+04 -1.419e+06  -3.66e+05 -1.046e+05 -1.992e+04 -2.891e+04 -1.658e+05 -2.257e+04 -1.324e+05 -3.787e+04 -1.043e+05 -7.082e+04 -4.457e+04 -1.284e+04      -3935 -2.679e+04  3.934e+04 -1.814e+05  -8.46e+04 -4.781e+04      -3279 -1.562e+05 -6.368e+04 -8.789e+04 -3.397e+04 -2.554e+04 -2.245e+04  -7.38e+04  3.969e+04  -3.72e+04 -5.342e+04 -3.694e+04 -1.531e+05 -3.401e+04 -1.527e+04 -1.486e+04      -1153 -1.464e+04  1.396e+04 -3.095e+04   3.54e+04  1.362e+04  1.579e+04      -6328  3.647e+04 -1.196e+05 -2.122e+04  2.266e+04      -4904  1.147e+04       1411       8787 -1.121e+04  -4.29e+04       4989  1.368e+05  2.513e+04  -1.01e+05  2.179e+04  1.271e+04  3.301e+04 -2.205e+04  3.775e+04 -2.631e+04       4799  1.646e+04  1.664e+04
 -3.866e+04 -1.353e+05 -8.631e+04 -1.775e+04 -6.474e+04 -4.753e+04 -3.496e+04   -1.2e+05 -8.547e+05 -5.716e+06 -2.775e+05   -3.1e+05 -4.728e+04 -4.451e+04 -3.263e+04      109.7 -9.781e+04 -2.475e+04 -5.899e+04  -1.39e+04  2.723e+04 -2.651e+05 -1.404e+05  -3.47e+04 -1.432e+04 -2.765e+04 -8.715e+04      -3941 -4.357e+04  -2.19e+04 -1.052e+05 -4.407e+04 -3.942e+04       3660 -2.785e+04     -592.9  3.242e+04  -5.98e+04 -3.253e+04      160.8  2.708e+04      -7760  2.122e+04  2.416e+04 -3.648e+04 -1.287e+04       5405 -2.078e+04 -2.572e+04      -2611 -1.606e+04 -3.311e+04 -1.954e+04 -4.063e+04       1698 -1.406e+04 -1.302e+04      -5237 -1.507e+04 -1.474e+04  1.159e+04 -1.502e+04 -1.175e+04 -2.987e+04  4.846e+04 -3.653e+04       4980  3.506e+04  2.315e+04  2.071e+04       3691  4.212e+04      2e+04       6000     -947.8  5.373e+04  -5.33e+04 -4.603e+04      -6471       8673 -3.961e+04 -5.263e+04 -1.718e+04 -1.437e+04       4792       4946  1.114e+04
   2.68e+04 -2.646e+04 -1.056e+04       4515       3409  1.794e+04       5292 -4.397e+04 -8.723e+04 -2.775e+05 -1.579e+06       8731 -1.536e+04 -4.159e+04       1511      -9507  3.953e+04      -6492      -5612 -2.517e+04       4043 -6.696e+04 -3.483e+04 -2.142e+04     -932.2 -1.247e+04 -2.916e+04       8355      -7955     -832.6 -3.005e+04       1565      -9690       4502       5546 -8.495e+04  3.141e+04 -1.275e+04      -8025      -1240  1.924e+04 -4.446e+04  1.003e+04       7118 -2.074e+04       4523 -1.419e+04  -2.23e+04       5197  2.016e+04       8036      -8688 -3.422e+04 -5.909e+04      239.8  1.267e+04  1.192e+04   1.19e+04       7795       1552  1.738e+04      79.81 -1.636e+04  1.587e+04      -9481  2.382e+04  1.094e+04  2.343e+04   3.52e+04  3.972e+04  1.995e+04  3.636e+04  4.659e+04  2.029e+04  1.718e+04  4.618e+04  4.496e+04  1.677e+04  2.659e+04  1.937e+04  3.521e+04       4757       9840  1.292e+04  1.668e+04   1.18e+04  2.377e+04
       9597 -1.216e+04 -3.411e+04       3750 -1.931e+04 -2.315e+04 -2.568e+04 -4.159e+04 -9.676e+04   -3.1e+05       8731   -1.7e+06 -2.788e+04       1767 -3.388e+04 -3.207e+04 -5.692e+04 -1.744e+04 -5.268e+04  -2.92e+04  -1.04e+04 -5.887e+04 -3.086e+04       2780      -8573       2234 -4.264e+04       3818  -2.45e+04      -3050 -4.013e+04 -1.303e+04 -1.612e+04      361.8 -1.003e+04  3.319e+04  1.334e+04  -1.33e+04       2474       9149  2.972e+04 -1.344e+04      -3175      -6192       2085      -3034      -9334      -3247  2.185e+04       8905  1.723e+04       2706  2.539e+04  -1.21e+04  1.366e+04       7363  1.887e+04  1.613e+04   1.64e+04  2.293e+04  4.122e+04  1.619e+04  3.672e+04  4.248e+04  2.778e+04  3.791e+04  1.748e+04   3.54e+04  1.606e+04  3.484e+04  1.791e+04  1.685e+04      -2264  4.016e+04   1.52e+04   1.14e+04   2.71e+04      -5649  2.039e+04   1.72e+04  2.749e+04  3.871e+04  5.759e+04  1.034e+04  1.163e+04  2.199e+04  1.694e+04
      -1824 -5.089e+04  -4.86e+04 -1.647e+04      -1309 -1.686e+04 -1.413e+04 -8.461e+04 -4.064e+05 -4.728e+04 -1.536e+04 -2.788e+04  -2.32e+06 -2.845e+04 -1.216e+05  -7.22e+04 -8.883e+04 -1.115e+05 -9.785e+04 -1.315e+05  -8.46e+04 -1.309e+05 -6.169e+04  -1.92e+04      -7719      -3648 -6.641e+04       6242 -4.278e+04 -1.017e+04 -3.767e+04       2681       3870  1.239e+04  1.155e+04       9341       1336 -3.513e+04 -1.422e+04      -3726  2.632e+04 -2.714e+04 -2.641e+04      -9931      -2305  3.099e+04  3.088e+04 -2.472e+04  1.267e+04    3.4e+04       3511      -6603 -1.626e+04       4068       9108       9244  3.324e+04   1.76e+04       2493  1.101e+04  1.069e+04       9898      -3705       2349      -3068  2.583e+04  2.017e+04  2.867e+04   2.54e+04  2.991e+04       6783  2.872e+04       9592     -463.9  3.108e+04  -5.53e+04  2.763e+04       1624  -1.51e+04  2.944e+04      -6181  2.497e+04  3.156e+04       2230       7418  1.749e+04  2.035e+04
  3.694e+04 -2.626e+04 -1.961e+04  -1.55e+04       2240  2.876e+04  5.572e+04  1.274e+04 -8.444e+04 -4.451e+04 -4.159e+04       1767 -2.845e+04 -3.626e+06 -3.637e+05  -8.08e+04 -2.054e+05 -6.024e+04 -9.959e+04 -5.501e+04  -6.41e+04 -1.307e+05 -5.367e+04  1.698e+04      -3132      585.3 -1.775e+04      -4175      -1270     -88.74      575.2       7769  1.184e+04       5901      -3266 -1.378e+05       8920      -3984       5429       6174 -1.169e+04 -1.555e+04  -2.02e+04  1.946e+04 -3.922e+04 -5.031e+04 -6.693e+04  1.605e+04  -6.94e+04       3663      -6177      -3017  3.781e+04 -9.676e+04   1.47e+04       7175  1.279e+04  3.881e+04       8225   2.67e+04  3.552e+04  -1.32e+04       2871 -1.639e+04   9.56e+04  1.451e+04  2.879e+04  3.148e+04  2.783e+04  1.703e+04  1.762e+04  3.686e+04  4.043e+04      939.1       6894  1.152e+04  5.451e+04   2.39e+04       5522  5.833e+04  5.976e+04       1489   2.24e+04  2.312e+04  1.532e+04  2.247e+04   3.83e+04
       2773       6070 -1.516e+04       3480      -2484      854.1 -4.111e+04  1.454e+04 -6.152e+04 -3.263e+04       1511 -3.388e+04 -1.216e+05 -3.637e+05 -5.269e+06 -1.576e+05 -4.189e+05 -2.338e+05 -1.871e+05  -1.01e+05  -1.15e+05 -5.551e+04 -2.492e+04      -2396      -3820 -1.248e+04 -2.543e+04       5744 -1.394e+04      -6061 -8.381e+04  1.625e+04      265.4     -288.8  1.007e+04 -3.531e+04  1.645e+04       2609       4730  2.303e+04  1.768e+04 -3.832e+04      -4108  1.793e+04  1.158e+04  -4.35e+04  2.944e+04  6.177e+04  1.717e+04     -361.2      -2805       2977  4.925e+04  1.786e+04   1.92e+04  1.733e+04       2570  3.614e+04   2.67e+04       7044  6.198e+04 -3.269e+04      -6684  2.687e+04   3.09e+04      -6212  1.729e+04  1.236e+04  2.257e+04      -1644  1.967e+04  1.931e+04  2.814e+04 -1.419e+04  4.625e+04 -2.714e+04  4.888e+04  5.145e+04 -2.086e+04   7.32e+04  7.535e+04  6.852e+04   4.84e+04  1.259e+04  1.186e+04  1.521e+04  2.025e+04
   2.82e+04 -2.675e+04       1752  2.576e+04  2.014e+04 -1.531e+04 -2.854e+04  1.994e+04 -1.003e+05      109.7      -9507 -3.207e+04  -7.22e+04  -8.08e+04 -1.576e+05 -6.257e+06 -1.176e+06 -1.841e+05 -2.234e+05 -1.226e+05 -3.535e+05 -7.842e+04 -3.182e+04 -1.003e+04       3260 -1.432e+04  2.319e+04  2.631e+04 -1.765e+04 -1.659e+04 -2.695e+04     -173.9  1.716e+04       7.55 -5.492e+04 -5.315e+04 -1.254e+04  1.309e+04       6676  7.525e+04  3.222e+04 -6.413e+04  1.567e+04 -3.505e+04       4460  4.808e+04 -2.756e+04       7716  5.239e+04  5.843e+04  3.429e+04  1.549e+04  5.675e+04  4.804e+04  2.266e+04  3.706e+04       6734       7109  3.564e+04  4.984e+04  1.545e+04  2.748e+04  4.295e+04  7.737e+04 -1.719e+05  1.476e+04  4.298e+04  2.302e+04  4.317e+04  2.255e+04  4.363e+04  4.323e+04  5.728e+04  3.507e+04  3.631e+04      -3131       9176  4.646e+04  4.965e+04       9735  6.076e+04       2742  8.748e+04  2.813e+04  1.486e+04  1.116e+04       5781
      -3166 -1.528e+05 -1.644e+04      -3036  2.511e+04 -6.572e+04 -2.062e+05 -1.327e+05 -2.237e+05 -9.781e+04  3.953e+04 -5.692e+04 -8.883e+04 -2.054e+05 -4.189e+05 -1.176e+06 -2.749e+07 -3.461e+05 -1.105e+06 -1.475e+05  -1.42e+05 -2.957e+05 -9.995e+04       6598 -3.113e+04       1352 -5.311e+04   2.19e+04 -6.809e+04      -5868 -3.266e+04 -1.923e+04   1.24e+04 -3.416e+04 -1.049e+05  4.808e+04  9.414e+04 -5.701e+04  1.001e+04       1911 -1.527e+05  -9.21e+04       5679 -1.918e+04 -1.605e+05 -1.246e+05  -6.13e+04   7.09e+04  1.046e+04  -1.11e+04 -3.058e+04  -2.08e+04 -5.187e+04       7912     -34.28  3.153e+04       8465  7.655e+04  1.579e+04  1.936e+04  1.987e+04  -1.84e+04   6.86e+04  1.044e+05  1.507e+05 -1.988e+04  3.531e+04  2.107e+04 -1.555e+04  6.273e+04  5.733e+04  3.457e+04       1813 -3.584e+04  7.309e+04 -1.131e+05  4.572e+04       5833  4.447e+04 -5.338e+04  1.062e+05 -1.399e+05  8.046e+04   2.44e+04      139.9   1.59e+04  1.714e+04
      -4565       1654  1.602e+04       1480  1.376e+04  -4.71e+04 -6.204e+04       6494 -1.108e+05 -2.475e+04      -6492 -1.744e+04 -1.115e+05 -6.024e+04 -2.338e+05 -1.841e+05 -3.461e+05  -5.12e+06 -3.025e+05 -2.103e+05 -2.007e+05 -2.622e+04 -5.785e+04      -4505      -9252  1.868e+04       5455   1.11e+04      -7219  1.397e+04 -3.892e+04      -8598       1449 -1.639e+04 -1.529e+04 -1.034e+05  -3.31e+04 -3.137e+04  2.455e+04  3.805e+04       2349 -3.548e+04  2.977e+04     -676.9  1.773e+04  -4.52e+04 -4.245e+04 -5.715e+04  4.288e+04  -2.87e+04  1.051e+04  1.029e+04  -1.64e+04  1.543e+04  1.712e+04  2.803e+04       5594       7426  4.154e+04  1.068e+04       3089       7222  2.239e+04       6582 -5.084e+04  2.517e+04  2.795e+04   1.56e+04       1551  4.115e+04   4.08e+04  4.199e+04  7.036e+04   2.89e+04  4.953e+04  2.366e+04  2.081e+04  3.536e+04  1.104e+04   2.71e+04  3.136e+04  1.211e+04      -7187  1.729e+04   1.18e+04  2.379e+04  1.454e+04
       3305  2.082e+04       5889 -2.508e+04 -1.938e+04  3.941e+04 -5.411e+04 -4.622e+04 -1.097e+05 -5.899e+04      -5612 -5.268e+04 -9.785e+04 -9.959e+04 -1.871e+05 -2.234e+05 -1.105e+06 -3.025e+05 -9.482e+06 -2.701e+05 -1.926e+05 -3.852e+04 -4.758e+04      -5703 -1.668e+04 -1.295e+04      -3954  1.202e+04 -1.856e+04      -7457  -1.26e+04 -4.087e+04 -1.297e+04  -2.03e+04   2.61e+04 -1.006e+05 -6.402e+04 -1.965e+04 -1.854e+04  1.366e+04       7894       3061  3.815e+04  2.692e+04  1.438e+04  2.613e+04  -5.92e+04  3.811e+04  7.762e+04  7.589e+04      -3776 -1.859e+04      -8596   1.64e+04  2.277e+04  2.794e+04  1.668e+04  1.107e+04  1.613e+04       4606      -4424       8512      -2434 -8.261e+04 -5.557e+04 -4.809e+04   3.24e+04  3.112e+04   1.53e+04      -6829  4.507e+04  3.839e+04  4.036e+04      -4739 -3.272e+04  5.767e+04 -2.112e+04      -6350  4.828e+04  7.526e+04 -9.116e+04     -220.8      -9545      -2194  2.547e+04  1.069e+04       1792
   6.51e+04  3.427e+04  5.757e+04       3626  1.371e+04 -7.974e+04 -2.008e+05  7.878e+04 -8.609e+04  -1.39e+04 -2.517e+04  -2.92e+04 -1.315e+05 -5.501e+04  -1.01e+05 -1.226e+05 -1.475e+05 -2.103e+05 -2.701e+05 -1.341e+07 -6.414e+05 -9.076e+04      -4708     -878.6  3.165e+04  2.826e+04  3.968e+04  1.998e+04  2.846e+04 -3.799e+04  1.227e+04 -1.009e+04       7544  1.416e+04  1.633e+04 -1.642e+04  -1.74e+05  1.316e+04   6.96e+04  2.129e+04  7.414e+04       3543  3.721e+04 -1.455e+04       2078  4.975e+04  1.903e+04  4.485e+04  4.043e+04 -1.347e+04  1.459e+04   1.31e+04 -5.729e+04      -3965 -3.158e+04  4.879e+04 -1.064e+04  5.066e+04 -1.062e+05 -5.249e+04 -2.081e+04 -5.143e+04 -3.444e+04  -7.33e+04  2.833e+04      -9191  4.699e+04  3.266e+04  4.647e+04  5.461e+04  4.806e+04  5.456e+04  6.975e+04  4.097e+04      -7044  8.247e+04   3.74e+04  6.454e+04  1.944e+04  4.697e+04  4.511e+04  1.429e+05  7.999e+04  1.346e+04  3.256e+04  -1.15e+04  1.982e+04
  4.476e+04      -1514  2.153e+04      441.1   4.28e+04       4835 -4.333e+04  4.285e+04 -7.576e+04  2.723e+04       4043  -1.04e+04  -8.46e+04  -6.41e+04  -1.15e+05 -3.535e+05  -1.42e+05 -2.007e+05 -1.926e+05 -6.414e+05 -1.286e+07 -6.538e+04 -4.146e+04 -3.549e+04  1.449e+04       8968 -3.072e+04  2.516e+04      -3186 -1.226e+04      -7449  1.938e+04   2.39e+04 -3.615e+04  4.454e+04  -2.71e+04 -3.174e+04       5469  2.167e+04  2.188e+04  2.123e+04  1.614e+05      -8002 -5.061e+04  6.103e+04 -3.822e+04 -6.116e+04     -317.7 -6.832e+04 -3.027e+04   3.28e+04 -3.116e+04 -9.098e+04  3.714e+04       1399  3.429e+04  1.307e+04       6655 -2.365e+04  5.777e+04      -1298       5271  3.457e+04  4.857e+04  2.149e+04   1.82e+04  2.565e+04  3.883e+04  3.987e+04  6.272e+04  2.724e+04  6.771e+04  7.381e+04  3.543e+04 -3.532e+04  2.576e+04  4.999e+04  2.749e+04 -2.989e+04  3.418e+04  2.459e+04  3.112e+04 -3.399e+04  1.059e+04  2.902e+04  3.599e+04  1.521e+04
 -1.773e+05 -2.315e+05 -1.371e+05 -3.861e+04 -6.402e+04 -2.835e+04 -1.086e+05 -5.913e+05 -1.419e+06 -2.651e+05 -6.696e+04 -5.887e+04 -1.309e+05 -1.307e+05 -5.551e+04 -7.842e+04 -2.957e+05 -2.622e+04 -3.852e+04 -9.076e+04 -6.538e+04 -2.507e+07 -1.462e+06 -1.504e+05 -8.847e+04 -5.887e+04 -3.096e+05 -3.838e+04 -1.252e+05 -4.614e+04 -1.514e+05 -2.013e+04  -5.66e+04      -9423 -1.572e+04 -1.132e+05  -6.92e+04 -5.141e+05 -1.159e+05 -1.852e+05       5814 -1.242e+05  -3.65e+04      92.03 -5.176e+04 -2.809e+04       8371 -3.196e+04  2.268e+04 -5.863e+04 -1.498e+04 -3.126e+04 -8.522e+04 -8.334e+04 -3.696e+04 -2.591e+04 -3.774e+04 -8.277e+04  2.222e+04  3.452e+04  -3.95e+04  4.842e+04  4.533e+04  -5.24e+04  2.186e+04  1.133e+05 -1.014e+04      -9497  2.455e+04      -4451       1872  2.427e+04  1.103e+04  1.706e+04  7.161e+04 -1.198e+05  -2.25e+04 -2.206e+05  1.855e+04  3.662e+04  5.576e+04      -6620  3.109e+04 -4.364e+04 -4.356e+04       4025      -7903
 -6.277e+04 -1.739e+05 -4.666e+04       4708      -5676 -6.368e+04 -4.796e+04 -1.307e+05  -3.66e+05 -1.404e+05 -3.483e+04 -3.086e+04 -6.169e+04 -5.367e+04 -2.492e+04 -3.182e+04 -9.995e+04 -5.785e+04 -4.758e+04      -4708 -4.146e+04 -1.462e+06 -5.838e+06 -2.074e+05  -3.43e+04 -3.767e+04 -4.688e+05      -6980 -1.995e+05 -4.163e+04 -1.156e+05 -2.058e+04 -3.663e+04      -6365 -1.548e+04  6.384e+04  1.531e+04 -5.099e+04 -2.216e+04      -9445 -5.132e+04  2.509e+04 -3.521e+04  1.408e+04 -1.301e+04 -2.356e+04  1.461e+04      -1552 -2.729e+04 -6.684e+04       3401       4848 -1.173e+05 -3.464e+04      -1515      -6610  1.157e+04      -2803  1.604e+04   1.68e+04  3.259e+04  4.655e+04  5.887e+04  5.339e+04  1.385e+05  5.902e+04      -5450  2.062e+04  1.856e+04  1.412e+04  2.447e+04   4.59e+04  2.379e+04  1.792e+04  4.816e+04 -2.598e+04  4.301e+04 -2.268e+04  2.298e+04       4388    5.2e+04 -1.407e+04  8.756e+04 -1.084e+04      -8128  3.237e+04  3.243e+04
       9915 -7.265e+04 -3.335e+04       4171      -3191 -1.722e+04 -2.959e+04 -7.455e+04 -1.046e+05  -3.47e+04 -2.142e+04       2780  -1.92e+04  1.698e+04      -2396 -1.003e+04       6598      -4505      -5703     -878.6 -3.549e+04 -1.504e+05 -2.074e+05 -2.675e+06 -1.257e+05 -1.348e+05 -5.573e+04       2409 -2.092e+04 -1.524e+04  -4.82e+04 -2.039e+04 -2.598e+04       8244 -3.759e+04  2.861e+04 -5.916e+04 -1.378e+04 -2.354e+04      -7167  1.424e+04  3.454e+04 -1.663e+04      -4835     -618.9 -1.456e+04  1.065e+04       1854 -4.012e+04      -2198       7879      -9592 -5.002e+04 -4.443e+04       1882      -6626       1874      -5221  1.201e+04       9796  1.914e+04      -6548  4.301e+04       6750 -5.255e+04  2.115e+04       5305  2.821e+04  2.546e+04  2.143e+04  2.656e+04  1.771e+04  3.075e+04  4.971e+04       9266       9591  5.804e+04      -6703       3987  2.672e+04 -1.075e+04  1.546e+04  2.055e+04       6846       6103   2.27e+04  2.072e+04
       6533 -4.751e+04      -1806       7095      -3779       4220  -3.71e+04 -1.293e+04 -1.992e+04 -1.432e+04     -932.2      -8573      -7719      -3132      -3820       3260 -3.113e+04      -9252 -1.668e+04  3.165e+04  1.449e+04 -8.847e+04  -3.43e+04 -1.257e+05  -1.84e+06 -7.705e+04 -2.013e+04  1.207e+04      -3995 -2.328e+04  -3.02e+04      -2258      -1619  1.031e+04 -1.598e+04       6923 -1.877e+04       5212       6348  1.551e+04      -6016 -1.531e+04      -5992  1.033e+04  1.281e+04 -2.902e+04  -1.07e+04      -3253  3.701e+04  5.331e+04      -8581       3849      -2612      -7785  1.403e+04       9244       5129       4023  3.373e+04      -2678  1.708e+04  1.035e+04      -3128  2.927e+04 -3.123e+04      -8244   1.42e+04  2.652e+04  2.696e+04  2.054e+04       9426  2.019e+04      458.5  2.572e+04   1.88e+04  1.227e+04       2934  1.263e+04  2.691e+04  1.816e+04   5.56e+04   2.96e+04  4.414e+04  1.425e+04       9558  1.805e+04  1.061e+04
  1.665e+04 -1.331e+04  1.579e+04       9709  1.126e+04      748.5       7107      -4787 -2.891e+04 -2.765e+04 -1.247e+04       2234      -3648      585.3 -1.248e+04 -1.432e+04       1352  1.868e+04 -1.295e+04  2.826e+04       8968 -5.887e+04 -3.767e+04 -1.348e+05 -7.705e+04 -1.816e+06       7283  1.549e+04      -3072        382       7777      -2939      -9051     -893.9 -2.956e+04       9973      -1317 -1.006e+04      -9213  -2.86e+04       4263  2.209e+04  1.624e+04 -5.573e+04      -4202  2.197e+04      336.7      -3091  1.746e+04  4.155e+04       -448  1.043e+04  1.922e+04      -4984  1.631e+04  1.387e+04      -3727  2.737e+04 -3.667e+04       3375  1.636e+04       7798  3.184e+04  2.075e+04 -2.802e+04   5.06e+04   2.68e+04  2.832e+04   3.85e+04       5026       9788  1.645e+04  1.024e+04  3.082e+04       9994  3.184e+04  3.177e+04   2.24e+04  1.324e+04 -1.128e+04  2.383e+04  3.002e+04      -8492  1.739e+04  1.309e+04  2.603e+04  1.905e+04
 -1.797e+04 -6.418e+04 -2.643e+04       2956 -2.342e+04 -8.599e+04 -6.702e+04 -8.052e+04 -1.658e+05 -8.715e+04 -2.916e+04 -4.264e+04 -6.641e+04 -1.775e+04 -2.543e+04  2.319e+04 -5.311e+04       5455      -3954  3.968e+04 -3.072e+04 -3.096e+05 -4.688e+05 -5.573e+04 -2.013e+04       7283 -5.092e+06 -3.818e+04 -9.039e+05 -4.374e+04 -4.754e+05 -3.712e+04 -5.574e+04 -4.983e+04 -3.075e+04     -715.1 -3.311e+04      -3624      -7719  2.627e+04  -1.51e+04  4.478e+04  3.966e+04   1.88e+04  1.018e+04      -3704       3835      -5225 -2.393e+04 -3.225e+04  1.598e+04      -1965  1.554e+04 -3.764e+04  1.266e+04 -1.244e+04  2.299e+04   1.93e+04       3338  2.801e+04  3.365e+04  4.503e+04  2.926e+04  4.809e+04  1.367e+04       4525 -1.386e+04  1.851e+04  3.738e+04   2.71e+04  1.664e+04   3.64e+04  1.351e+04  2.724e+04  6.078e+04      183.2  4.827e+04 -5.071e+04  1.488e+04  2.197e+04  2.354e+04  1.691e+04  3.649e+04       4713      -5144  2.716e+04  1.897e+04
     -666.7      -7040       4366  1.286e+04  1.442e+04   3.53e+04  1.825e+04      -2885 -2.257e+04      -3941       8355       3818       6242      -4175       5744  2.631e+04   2.19e+04   1.11e+04  1.202e+04  1.998e+04  2.516e+04 -3.838e+04      -6980       2409  1.207e+04  1.549e+04 -3.818e+04 -6.756e+05 -1.396e+04       6798      -5334      -2484       -470  1.635e+04   2.61e+04       2042       7569       7589       4470  1.277e+04  2.474e+04 -1.322e+04  3.045e+04  1.999e+04       7409       6392       2708       8083  2.704e+04  1.616e+04  2.173e+04  1.944e+04      -7393 -1.408e+04  1.225e+04       9635  1.282e+04   2.22e+04  3.871e+04       9411  1.143e+04  2.284e+04  2.434e+04  4.292e+04  6.305e+04      3e+04       7280  2.775e+04  2.035e+04      17.09       9991  1.921e+04  2.969e+04  3.706e+04       8221  4.138e+04  1.328e+04       5158  3.068e+04  3.345e+04  2.874e+04  3.656e+04  5.026e+04       8811       5800  1.847e+04  1.825e+04
      -7985 -6.714e+04 -1.915e+04       6547      -7413  -8.47e+04  -1.45e+04 -8.055e+04 -1.324e+05 -4.357e+04      -7955  -2.45e+04 -4.278e+04      -1270 -1.394e+04 -1.765e+04 -6.809e+04      -7219 -1.856e+04  2.846e+04      -3186 -1.252e+05 -1.995e+05 -2.092e+04      -3995      -3072 -9.039e+05 -1.396e+04 -3.839e+06 -9.232e+04 -1.099e+06 -7.754e+04 -1.047e+05 -5.005e+04 -5.231e+04 -4.046e+04 -7.005e+04 -1.776e+04 -2.101e+04 -1.115e+04      -9183  4.787e+04  3.403e+04      -7103 -1.356e+04      -6141       3306 -2.399e+04 -1.472e+04  3.745e+04       7640       6975 -3.161e+04 -1.276e+04       9271       9267  2.545e+04  2.298e+04  2.098e+04   1.78e+04  1.123e+04  3.129e+04  1.818e+04  5.265e+04  3.309e+04  4.155e+04      696.4  3.533e+04  3.818e+04  1.579e+04  3.921e+04  2.857e+04  3.339e+04  3.222e+04  4.133e+04       8816       9042       2894  2.706e+04   2.06e+04  7.209e+04  6.538e+04  7.035e+04       2005       7702  2.268e+04  2.643e+04
       5107      -9042 -1.127e+04       7622     -482.2 -2.056e+04 -1.228e+04 -3.565e+04 -3.787e+04  -2.19e+04     -832.6      -3050 -1.017e+04     -88.74      -6061 -1.659e+04      -5868  1.397e+04      -7457 -3.799e+04 -1.226e+04 -4.614e+04 -4.163e+04 -1.524e+04 -2.328e+04        382 -4.374e+04       6798 -9.232e+04 -2.226e+06 -4.139e+05 -6.165e+04 -6.093e+04 -4.918e+04 -3.659e+04      643.8 -7.893e+04      -2355      -2007 -2.329e+04 -3.464e+04 -1.979e+04 -1.661e+04  1.043e+04  1.604e+04 -2.025e+04  -1.24e+04      -3470       4302      -7213 -1.542e+04       2738  5.085e+04  2.898e+04  1.208e+04  1.493e+04  1.664e+04  1.874e+04      -1311  1.437e+04  1.428e+04       9305  5.389e+04  1.897e+04  6.441e+04  2.171e+04  1.367e+04  2.521e+04  3.427e+04  3.913e+04  3.943e+04       4890      299.1  2.783e+04      -8972  1.871e+04  1.373e+04 -1.518e+04  1.738e+04  1.101e+04  2.888e+04       6893 -1.216e+04       6843  2.234e+04  3.354e+04  3.449e+04
  1.058e+04 -7.179e+04 -1.887e+04       1485 -3.979e+04  -8.59e+04  2.219e+04 -9.983e+04 -1.043e+05 -1.052e+05 -3.005e+04 -4.013e+04 -3.767e+04      575.2 -8.381e+04 -2.695e+04 -3.266e+04 -3.892e+04  -1.26e+04  1.227e+04      -7449 -1.514e+05 -1.156e+05  -4.82e+04  -3.02e+04       7777 -4.754e+05      -5334 -1.099e+06 -4.139e+05 -1.113e+07 -3.178e+05 -4.835e+05 -4.824e+04 -9.853e+04 -4.939e+04 -1.652e+05 -1.377e+04  1.153e+04 -4.296e+04 -2.539e+04  1.131e+05  1.483e+04  2.628e+04       9887 -1.346e+04  1.471e+04  3.811e+04 -3.697e+04 -5.178e+04      -6771       9469  3.871e+04  6.351e+04       7428  2.915e+04  4.602e+04      -6771 -4.409e+04       8123  4.676e+04     -232.2  3.096e+04  9.362e+04  1.247e+05  8.624e+04  2.169e+04  2.389e+04  3.485e+04 -5.601e+04  4.701e+04  5.175e+04 -1.071e+04  4.923e+04   5.91e+04   3.49e+04  1.562e+04 -2.163e+04 -3.695e+04  3.886e+04  3.663e+04  5.203e+04  7.143e+04  1.671e+04  1.721e+04  2.723e+04   2.39e+04
  3.255e+04  1.164e+04       1238  2.178e+04  1.185e+04       1063 -1.269e+04      -2800 -7.082e+04 -4.407e+04       1565 -1.303e+04       2681       7769  1.625e+04     -173.9 -1.923e+04      -8598 -4.087e+04 -1.009e+04  1.938e+04 -2.013e+04 -2.058e+04 -2.039e+04      -2258      -2939 -3.712e+04      -2484 -7.754e+04 -6.165e+04 -3.178e+05 -2.288e+06 -9.888e+04     -941.9 -4.486e+04 -7.515e+04 -7.703e+04      -7728      447.6  2.206e+04  2.169e+04  -1.81e+04       3087 -1.089e+04  1.584e+04  1.547e+04  4.858e+04       1533       6594  2.471e+04       8969   1.05e+04  1.046e+04  1.624e+04  1.844e+04  1.309e+04  3.655e+04  2.049e+04 -5.673e+04   1.14e+04       4531       9570  2.304e+04  5.025e+04  7.275e+04  4.678e+04  2.034e+04    2.6e+04  3.203e+04  2.981e+04  3.616e+04  2.072e+04  1.825e+04  1.614e+04  4.052e+04  1.946e+04  1.179e+04 -4.346e+04       1579       4797  3.025e+04  3.134e+04  3.136e+04  1.457e+04  1.884e+04  2.543e+04   1.78e+04
  1.972e+04      -7745      -8761       7814      -3048 -4.145e+04   1.99e+04 -3.227e+04 -4.457e+04 -3.942e+04      -9690 -1.612e+04       3870  1.184e+04      265.4  1.716e+04   1.24e+04       1449 -1.297e+04       7544   2.39e+04  -5.66e+04 -3.663e+04 -2.598e+04      -1619      -9051 -5.574e+04       -470 -1.047e+05 -6.093e+04 -4.835e+05 -9.888e+04 -3.612e+06  -7.79e+04 -1.773e+05 -1.032e+05 -1.275e+05 -1.075e+04 -2.956e+04       4360 -1.887e+04 -7.252e+04      305.3      -3307  2.461e+04       1530  2.252e+04  1.442e+04 -3.626e+04      965.6  1.268e+04       7460      599.7  1.038e+04    1.6e+04       9114  2.866e+04  2.327e+04  1.914e+04  5.215e+04  2.183e+04  2.868e+04  2.646e+04  1.584e+04  9.627e+04  3.676e+04  1.052e+04  2.253e+04  3.122e+04  3.103e+04  1.194e+04  2.197e+04  2.781e+04  2.585e+04  1.908e+04   2.86e+04   1.96e+04       4307  4.703e+04  3.232e+04  3.853e+04  -2.51e+04  5.375e+04  1.855e+04  2.387e+04  2.927e+04  2.383e+04
  2.527e+04 -1.242e+04       4032   1.28e+04   3.02e+04       5592 -2.309e+04       5596 -1.284e+04       3660       4502      361.8  1.239e+04       5901     -288.8       7.55 -3.416e+04 -1.639e+04  -2.03e+04  1.416e+04 -3.615e+04      -9423      -6365       8244  1.031e+04     -893.9 -4.983e+04  1.635e+04 -5.005e+04 -4.918e+04 -4.824e+04     -941.9  -7.79e+04  -3.08e+06  -2.35e+05 -9.719e+04 -1.694e+05      -3207      -6768  2.356e+04 -1.335e+04  2.719e+04  1.337e+04      -5436  1.701e+04      -3132       7301     -101.1 -1.161e+04      -2975       6056  2.051e+04  3.328e+04      -1654  1.392e+04  2.896e+04  1.986e+04  2.648e+04  4.154e+04  3.317e+04       9471  1.941e+04  5.017e+04   3.61e+04   9.46e+04  3.141e+04  2.601e+04  2.152e+04  3.376e+04       9245  2.917e+04  2.832e+04  3.655e+04  2.762e+04  3.942e+04  4.059e+04  3.169e+04  3.506e+04  3.741e+04  2.961e+04  3.454e+04  2.616e+04  1.744e+04  2.904e+04   2.14e+04   1.99e+04  2.136e+04
  3.816e+04 -5.207e+04      -9450      -6343  3.045e+04  1.302e+04       5924 -4.655e+04      -3935 -2.785e+04       5546 -1.003e+04  1.155e+04      -3266  1.007e+04 -5.492e+04 -1.049e+05 -1.529e+04   2.61e+04  1.633e+04  4.454e+04 -1.572e+04 -1.548e+04 -3.759e+04 -1.598e+04 -2.956e+04 -3.075e+04   2.61e+04 -5.231e+04 -3.659e+04 -9.853e+04 -4.486e+04 -1.773e+05  -2.35e+05 -4.895e+06 -9.041e+04 -1.543e+05  1.895e+04  1.589e+04       1675  2.801e+04  5.105e+04  1.566e+04 -1.527e+04   4.57e+04      -3635  4.134e+04   1.22e+04  3.088e+04  4.722e+04  2.175e+04  2.937e+04  1.891e+04 -2.967e+04  2.057e+04       9123  2.959e+04  1.873e+04     -615.8   1.66e+04  3.326e+04  2.778e+04  9.132e+04  2.207e+04  7.744e+04 -8.617e+04  1.932e+04       8327  2.477e+04  3.935e+04  1.792e+04   4.75e+04  4.814e+04  1.699e+04  1.042e+04  3.507e+04     -441.5  3.574e+04  3.103e+04       3276  1.094e+04  1.287e+04  4.433e+04  1.954e+04  1.846e+04   3.06e+04  2.268e+04
  3.239e+04   2.45e+04  6.417e+04  2.647e+04  3.089e+04  6.744e+04  2.016e+04  5.363e+04 -2.679e+04     -592.9 -8.495e+04  3.319e+04       9341 -1.378e+05 -3.531e+04 -5.315e+04  4.808e+04 -1.034e+05 -1.006e+05 -1.642e+04  -2.71e+04 -1.132e+05  6.384e+04  2.861e+04       6923       9973     -715.1       2042 -4.046e+04      643.8 -4.939e+04 -7.515e+04 -1.032e+05 -9.719e+04 -9.041e+04 -1.231e+07 -1.255e+06  2.537e+04  5.876e+04   1.76e+04 -5.072e+04  -3.98e+04  3.651e+04       2968  2.246e+04 -1.424e+04 -1.756e+05 -1.356e+04  -2.61e+04  4.262e+04 -1.007e+04  1.424e+04       8970 -1.933e+05  1.799e+04  -1.31e+04  4.302e+04  1.796e+04 -2.896e+04   3.82e+04  4.211e+04 -1.065e+04 -3.111e+04  4.975e+04 -1.569e+05 -1.424e+05  2.899e+04  4.707e+04  4.192e+04  3.463e+04  2.347e+04  3.274e+04  5.305e+04  6.349e+04  -4.79e+04  1.029e+05  1.138e+04  3.754e+04       2299   5.83e+04 -3.116e+04  7.374e+04 -1.129e+04  2.569e+04  4.101e+04  4.773e+04  4.145e+04
  5.424e+04   3.15e+04  5.868e+04  1.728e+04  1.008e+04  3.566e+04 -2.242e+05  3.967e+04  3.934e+04  3.242e+04  3.141e+04  1.334e+04       1336       8920  1.645e+04 -1.254e+04  9.414e+04  -3.31e+04 -6.402e+04  -1.74e+05 -3.174e+04  -6.92e+04  1.531e+04 -5.916e+04 -1.877e+04      -1317 -3.311e+04       7569 -7.005e+04 -7.893e+04 -1.652e+05 -7.703e+04 -1.275e+05 -1.694e+05 -1.543e+05 -1.255e+06 -1.354e+07   1.33e+04  2.802e+04  5.448e+04 -3.346e+04 -1.377e+05  5.507e+04        607  3.636e+04  1.848e+04      -2571  1.066e+04  6.067e+04   2.94e+04       3268  4.726e+04   1.11e+05  9.293e+04  3.613e+04  3.956e+04  3.895e+04  1.137e+04  4.048e+04 -1.745e+04  3.408e+04  3.237e+04  4.022e+04  6.996e+04  4.373e+04  -3.97e+04  4.414e+04  2.343e+04  2.009e+04  2.371e+04  5.612e+04  2.009e+04  3.163e+04  3.502e+04       4678  4.213e+04  5.205e+04 -2.859e+04  8.069e+04  2.519e+04 -2.946e+04       3127 -1.476e+04  3.234e+04  3.357e+04  1.295e+04  3.451e+04
 -1.089e+04 -6.157e+04      -9588      -1258 -1.495e+04  4.081e+04      -6916 -1.196e+05 -1.814e+05  -5.98e+04 -1.275e+04  -1.33e+04 -3.513e+04      -3984       2609  1.309e+04 -5.701e+04 -3.137e+04 -1.965e+04  1.316e+04       5469 -5.141e+05 -5.099e+04 -1.378e+04       5212 -1.006e+04      -3624       7589 -1.776e+04      -2355 -1.377e+04      -7728 -1.075e+04      -3207  1.895e+04  2.537e+04   1.33e+04 -2.216e+06 -2.026e+05 -3.601e+04 -2.875e+04 -7.476e+04 -4.034e+04 -1.171e+04 -6.617e+04 -6.064e+04 -1.116e+04      -2699 -5.967e+04 -1.478e+04       6028 -2.778e+04 -3.232e+04  -2.18e+04       4570      -5744  2.013e+04  1.786e+04  -2.05e+04      -5690  2.967e+04      -7245  1.802e+04      -5932  2.797e+04  5.023e+04  1.855e+04  3.511e+04  4.311e+04  1.636e+04   1.41e+04  3.333e+04  2.529e+04  2.334e+04  2.739e+04  1.427e+04  2.021e+04       7680  4.575e+04  2.136e+04  6.103e+04  1.457e+04   4.31e+04       2543       2919  2.331e+04  3.685e+04
