
 45

((((t45: 0.014260, (t5: 0.003170, t17: 0.002956): 0.011197): 0.007800, (((t2: 0.016075, t39: 0.014954): 0.003320, (t9: 0.008320, (t10: 0.006784, (t15: 0.006100, (t40: 0.003277, t19: 0.003486): 0.003334): 0.000892): 0.004336): 0.009992): 0.001338, (((t20: 0.013946, t38: 0.014192): 0.007696, (t37: 0.032059, (t42: 0.011718, (t34: 0.012156, (t27: 0.010722, (t36: 0.003858, t12: 0.003293): 0.005442): 0.005676): 0.000992): 0.005039): 0.003111): 0.003178, (((t26: 0.004891, (t31: 0.005538, t35: 0.004293): 0.000438): 0.004339, ((t11: 0.006367, (t7: 0.002690, t6: 0.002568): 0.003280): 0.003246, t21: 0.009057): 0.001865): 0.006394, t32: 0.014595): 0.010255): 0.000504): 0.002678): 0.004632, ((t4: 0.041585, (t3: 0.015080, ((t41: 0.006728, t25: 0.006248): 0.001130, (t1: 0.003522, (t13: 0.000918, t44: 0.000682): 0.003074): 0.003708): 0.008743): 0.023755): 0.001920, (t14: 0.014770, ((t24: 0.007918, t18: 0.010165): 0.002521, ((t23: 0.003264, (t43: 0.002431, t8: 0.002473): 0.001102): 0.005037, (t30: 0.004366, (t22: 0.001824, t16: 0.002002): 0.002621): 0.003157): 0.002894): 0.006283): 0.021445): 0.000939): 0.002318, t33: 0.027206, (t28: 0.017531, t29: 0.014139): 0.030949);

  0.002318  0.004632  0.007800  0.014260  0.011197  0.003170  0.002956  0.002678  0.001338  0.003320  0.016075  0.014954  0.009992  0.008320  0.004336  0.006784  0.000892  0.006100  0.003334  0.003277  0.003486  0.000504  0.003178  0.007696  0.013946  0.014192  0.003111  0.032059  0.005039  0.011718  0.000992  0.012156  0.005676  0.010722  0.005442  0.003858  0.003293  0.010255  0.006394  0.004339  0.004891  0.000438  0.005538  0.004293  0.001865  0.003246  0.006367  0.003280  0.002690  0.002568  0.009057  0.014595  0.000939  0.001920  0.041585  0.023755  0.015080  0.008743  0.001130  0.006728  0.006248  0.003708  0.003522  0.003074  0.000918  0.000682  0.021445  0.014770  0.006283  0.002521  0.007918  0.010165  0.002894  0.005037  0.003264  0.001102  0.002431  0.002473  0.003157  0.004366  0.002621  0.001824  0.002002  0.027206  0.030949  0.017531  0.014139

 -0.562147 -0.444684 -0.104829 -0.627839  0.025903 -2.436995 -2.553298 -2.074205 -7.529564 -0.624242  0.665386  0.157713 -0.146673 -0.548410 -1.390372 -0.539129 -17.477262 -0.687893 -1.094729 -2.179139 -1.957395 -44.618709 -1.458704  0.326650 -0.078935 -0.209198 -1.042168  0.946384  0.523559 -0.304352 -9.995686 -0.314572 -0.657796 -0.041465 -0.980411 -1.352766 -1.969953  0.243719 -0.353100 -0.185460 -1.354561 -79.714524 -0.773661 -1.476212 -5.029946 -2.269716 -1.465072 -2.114152 -2.995168 -3.477419 -0.484844 -0.115314 -7.038555 -1.134617  0.319376 -0.028144  0.218476  0.620598 -10.546370 -1.018186 -0.776007 -1.312953 -1.747352 -2.521663 -25.993222 -47.562824 -0.580968 -0.215388 -0.749950 -1.880314 -0.687230 -0.539053 -2.915044 -0.661689 -2.250819 -14.391407 -3.513023 -3.683296 -1.745957 -0.818320 -2.837752 -7.566875 -5.458553  0.261230 -0.250684  0.725071 -0.105896


Hessian

 -3.258e+07 -1.482e+06 -2.533e+05 -1.537e+05 -2.715e+05  1.437e+05   9.61e+04 -6.098e+05 -3.681e+05 -5.337e+05  -1.65e+05 -9.529e+04 -3.618e+05 -4.892e+04 -3.103e+05  6.379e+04 -3.253e+05  1.471e+05  9.031e+04  2.689e+05  4.694e+05 -5.671e+05 -6.079e+05 -1.781e+05 -5.653e+04 -1.363e+05 -6.127e+05 -1.477e+05 -3.823e+05 -1.005e+05 -1.607e+05 -1.797e+04 -2.102e+05  1.437e+05   6.36e+04  2.156e+05  4.737e+05 -3.397e+05  -2.86e+05 -1.816e+05  2.515e+04  -4.06e+05  1.843e+05  2.072e+05 -2.925e+05  9.131e+04  1.091e+05 -2.141e+05  5.158e+05 -5.737e+04 -4.841e+04 -1.412e+05 -1.709e+06 -5.276e+05       1136 -2.066e+05  8.928e+04 -1.715e+05  1.753e+05  2.407e+04       4374  2.591e+04 -2.684e+05  -1.57e+05  3.745e+05  2.579e+05     -4e+05 -3.356e+04  -2.21e+05 -2.972e+04 -6.124e+04  -1.94e+05  -8.94e+04 -2.669e+05 -1.853e+05 -3.745e+05 -2.798e+05  9.169e+04  1.228e+05 -1.949e+05 -2.954e+05  4.552e+04  2.067e+05 -2.198e+06 -1.367e+06 -7.049e+04 -2.356e+05
 -1.482e+06 -3.009e+07 -2.691e+05 -2.289e+05  -1.61e+05 -2.382e+05 -1.985e+05 -2.568e+06 -1.045e+06 -5.704e+05 -1.596e+05 -2.306e+05 -3.664e+05      -2029 -3.393e+04  8.982e+04 -3.296e+05 -4.091e+04 -5.662e+04  5.368e+04  2.654e+05 -9.985e+05 -7.056e+05 -3.244e+05 -1.784e+05 -1.344e+05 -3.381e+05 -1.308e+05 -1.958e+05     -4e+04 -3.326e+05  1.368e+05  1.397e+05 -1.469e+04  3.309e+04 -2.078e+04   3.93e+05 -5.169e+05 -3.521e+05 -4.835e+05 -1.704e+05 -2.053e+05 -1.688e+05 -2.121e+04 -4.172e+05 -2.066e+05  1.505e+05 -5.329e+04      -6987 -1.441e+05 -5.853e+04 -1.514e+05 -5.687e+06 -1.042e+06 -1.959e+05 -4.632e+05 -1.165e+05 -2.811e+05 -4.972e+05 -2.653e+04 -6.358e+04 -5.016e+05 -2.161e+05 -3.725e+05 -7.792e+05  2.362e+05   -5.8e+05 -2.692e+04 -2.948e+05 -7.173e+05 -3.317e+05 -1.037e+05 -2.045e+05 -3.891e+05 -5.027e+05  -4.64e+05 -3.932e+05 -3.975e+05 -2.722e+05 -2.691e+05  -6.05e+05  7.868e+04  1.707e+04 -3.674e+05 -2.487e+05 -9.881e+04 -1.491e+05
 -2.533e+05 -2.691e+05 -1.932e+07 -3.557e+05 -5.001e+05 -1.029e+05 -1.584e+05 -1.409e+06 -7.711e+05 -6.644e+05 -1.345e+05 -1.552e+05 -4.097e+05   6.56e+04   2.81e+04  1.475e+05 -1.944e+05  3.299e+04   1.36e+05  1.485e+05  1.731e+05 -5.724e+05 -3.627e+05 -3.855e+05 -4.371e+04       8038 -1.391e+05 -2.109e+04 -2.603e+05  -1.55e+04 -1.373e+05 -2.223e+05 -1.072e+05 -5.834e+04  6.385e+04  2.431e+05  1.492e+05  -3.95e+05 -2.086e+05 -2.296e+05  2.856e+05 -2.681e+05  1.534e+05  3.225e+04       3369      -7486 -1.047e+05 -4.317e+05  2.845e+05 -2.682e+05       7150 -2.866e+05 -4.549e+05 -4.566e+05 -5.168e+04  -8.44e+04 -1.642e+04 -1.097e+05 -6.373e+05   4.54e+04      -5756  -3.75e+04 -1.441e+05  9.485e+04  1.017e+05  6.142e+05  -2.29e+05  1.141e+04 -1.458e+05 -2.551e+05 -1.565e+05       6823 -5.595e+04  1.168e+05 -1.815e+04 -5.595e+05 -1.911e+04 -5.565e+05 -7.478e+04  3.697e+04 -1.006e+05  4.313e+05  1.126e+05  -9.32e+04 -6.822e+04 -3.934e+04 -1.215e+05
 -1.537e+05 -2.289e+05 -3.557e+05 -1.115e+07 -1.328e+05 -1.132e+05 -5.581e+04 -1.432e+05 -5.164e+05 -1.621e+05   1.07e+04 -1.921e+04 -1.763e+05  4.584e+04 -1.451e+05  6.657e+04      -9491  2.856e+04  1.245e+05 -1.247e+05   1.46e+05  -2.97e+05 -4.123e+05 -5.664e+04 -3.817e+04  1.349e+04 -2.069e+05  6.639e+04 -7.701e+04  1.199e+05 -2.357e+05      -5877  4.339e+04  3.533e+04  1.138e+05  7.127e+04 -1.106e+05 -1.488e+05 -1.015e+05      439.4  1.054e+05 -1.669e+05 -2.969e+04  -4.88e+04 -8.382e+04  1.165e+05  7.463e+04 -1.991e+05  7.516e+04 -2.664e+04  9.192e+04 -1.027e+05 -1.198e+05  6.526e+04  5.573e+04  3.286e+04  2.524e+04  1.936e+04   1.71e+04   -6.8e+04  1.251e+04  -7.81e+04  9.329e+04 -7.174e+04  3.313e+05  4.501e+05 -1.742e+04    5.5e+04 -1.585e+05 -8.473e+04       2126       6873  -9.23e+04  3.178e+04  8.115e+04  -2.91e+05 -2.463e+05 -2.494e+05  4.606e+04 -7.864e+04  3.024e+04  9.531e+04 -3.842e+04  4.671e+04  1.571e+04     -634.9      -6038
 -2.715e+05  -1.61e+05 -5.001e+05 -1.328e+05 -1.401e+07 -2.622e+05 -2.907e+05 -2.045e+05 -2.083e+05 -1.441e+05       4486 -7.151e+04  1.744e+04  5.508e+04 -1.352e+04  1.996e+05 -3.568e+05  8.895e+04  1.291e+05 -1.343e+04  4.357e+04 -4.887e+05 -3.842e+05 -1.214e+05 -1.192e+05 -5.555e+04 -2.132e+05  2.885e+04 -1.011e+05 -6.697e+04 -1.435e+05  -1.87e+04 -1.216e+05 -1.885e+04 -4.586e+04  1.324e+05  1.229e+05 -3.148e+05 -1.537e+04      -9613 -3.946e+04       6661  9.383e+04  4.862e+04  1.822e+04 -2.951e+04   2.84e+04 -1.092e+05 -6.044e+04      -9001    1.6e+04 -7.026e+04 -5.103e+05 -1.362e+05  1.206e+05   2.96e+04  7.126e+04   3.91e+04  8.464e+04  5.891e+04  8.818e+04  2.112e+04  5.556e+04  1.193e+05  -3.57e+05 -7.778e+04  1.763e+04  4.843e+04  1.246e+04 -2.459e+05  1.145e+05  5.285e+04  3.603e+04  -1.61e+05  1.954e+05      -5711  2.756e+05  2.878e+04 -2.392e+04 -1.325e+04 -1.172e+05  1.212e+05      -2609      188.7  1.169e+04  5.634e+04  1.355e+05
  1.437e+05 -2.382e+05 -1.029e+05 -1.132e+05 -2.622e+05  -5.13e+07 -3.801e+06 -3.175e+04  1.067e+05 -4.669e+05  2.669e+05  6.142e+04 -2.536e+05  2.284e+05  1.169e+05 -1.486e+05  3.677e+05       1158  4.023e+05  7.655e+04  5.579e+04 -4.505e+05  1.294e+05       2664 -4.029e+04 -1.662e+04  1.508e+05  1.474e+05 -3.416e+05  1.033e+05  2.409e+05   2.89e+04  1.447e+05  3.721e+04  3.571e+04  2.892e+05  1.048e+05  1.133e+05  1.084e+05   -2.4e+05 -4.482e+05  5.624e+05 -1.492e+05 -6.225e+05  3.874e+05 -2.228e+05  -1.67e+05  1.345e+05      -6210  1.728e+05   6.31e+04  6.895e+04  4.586e+04      -5693  1.363e+05  9.733e+04  1.716e+05 -4.743e+04  7.644e+04  1.954e+05 -1.926e+05  2.745e+05  -3.27e+05 -2.716e+05  4.274e+05   5.27e+05  5.778e+04  1.923e+05  7.806e+04  2.519e+05    1.9e+05  7.539e+04  1.475e+05  5.043e+04  1.414e+05 -5.943e+04 -2.964e+05 -2.238e+05  3.605e+04 -2.449e+05  -2.27e+05  1.249e+05 -5.466e+04  3.191e+04  1.768e+05  6.454e+04   1.16e+05
   9.61e+04 -1.985e+05 -1.584e+05 -5.581e+04 -2.907e+05 -3.801e+06   -5.5e+07 -3.364e+04 -2.502e+05 -1.522e+05  1.808e+05 -3.148e+04 -1.379e+05 -1.102e+04 -5.575e+05      8e+04 -2.496e+05 -2.592e+05 -5.221e+04 -6.119e+05 -3.338e+05 -2.317e+05 -1.206e+05 -5.474e+05  3.222e+04 -1.287e+05 -2.398e+05  5.442e+04       3847      -6730    4.8e+04 -1.384e+04 -1.312e+05      -4587  2.633e+05 -1.879e+05 -3.147e+05  8.911e+04  9.145e+04 -8.332e+04   1.17e+05  5.859e+05  1.488e+05 -2.285e+05  2.438e+05  2.125e+05  1.394e+05   5.85e+04 -5.576e+04 -1.272e+05 -6.212e+04 -1.489e+05   2.02e+04       4095  1.418e+05  6.394e+04  2.513e+04  6.239e+04  2.753e+05 -7.706e+04     -23.42   1.36e+05 -1.597e+05  2.721e+05  1.394e+05  6.193e+05  2.346e+04 -1.963e+04 -4.529e+04  4.906e+05  2.153e+05  1.538e+05  3.335e+04  6.227e+04  4.528e+04 -6.439e+05  2.037e+05   8.49e+04  4.272e+04 -3.179e+05 -2.499e+05 -2.942e+04 -4.935e+05  1.222e+05  2.029e+04       1330  6.297e+04
 -6.098e+05 -2.568e+06 -1.409e+06 -1.432e+05 -2.045e+05 -3.175e+04 -3.364e+04 -5.309e+07 -2.847e+06   -4.9e+05 -2.177e+05      -8129 -5.384e+05 -2.925e+05 -3.896e+05 -6.199e+04 -1.103e+06  1.209e+05 -5.805e+05  2.411e+05  3.869e+05 -3.871e+06 -1.011e+06 -6.904e+05  -3.31e+05 -7.783e+04 -4.671e+05 -8.719e+04 -6.388e+05 -1.185e+04 -4.565e+05       8099 -2.237e+04 -1.565e+05 -1.558e+04 -1.456e+04  2.024e+05 -8.688e+05 -2.861e+05 -1.925e+05 -8.401e+04 -5.435e+05 -2.313e+05  1.178e+05  8.184e+04       1364  1.082e+04 -1.843e+05  2.692e+05  2.294e+05 -2.283e+04  -1.32e+05 -1.301e+06 -8.522e+05 -1.485e+05 -2.684e+05 -8.401e+04 -3.188e+05  -6.16e+05  2.008e+05 -4.572e+05 -7.285e+04  1.927e+05 -2.293e+04 -9.344e+05  2.521e+05 -3.369e+05  2.103e+04 -3.746e+04 -3.029e+05 -2.435e+05  9.347e+04 -1.029e+05 -2.629e+05 -2.467e+05 -8.634e+05  1.995e+05  -2.26e+05  1.457e+05       5048   -1.7e+05 -3.535e+05 -8.852e+04 -4.416e+05 -2.747e+04 -3.793e+04 -1.856e+05
 -3.681e+05 -1.045e+06 -7.711e+05 -5.164e+05 -2.083e+05  1.067e+05 -2.502e+05 -2.847e+06 -9.487e+07 -3.475e+06 -5.472e+05 -4.647e+05 -2.135e+06 -1.663e+05 -4.432e+05 -7.593e+04 -4.714e+05 -1.917e+05 -3.778e+05 -1.564e+05 -2.761e+04 -6.922e+06 -1.857e+06 -6.533e+05 -4.469e+05 -6.854e+04 -9.465e+05 -3.291e+05 -9.532e+05 -2.813e+05 -4.787e+05 -1.676e+05  -3.49e+05  1.157e+05 -3.394e+05 -2.047e+05  1.029e+05 -1.001e+06 -1.061e+06 -3.134e+04 -2.139e+05 -3.019e+06  2.719e+04  1.697e+04 -8.685e+05  -7.94e+05  2.257e+04 -7.971e+05  2.099e+05  3.388e+05 -6.115e+05 -1.473e+05 -7.201e+05 -4.249e+05 -5.686e+04 -2.653e+05 -1.017e+05 -5.128e+05       2241   3.85e+05 -1.731e+05 -4.264e+05 -1.185e+05  1.471e+05  -1.22e+05  5.472e+05 -6.493e+05 -5.528e+04 -4.523e+05 -1.017e+06 -1.285e+05       9048  -7.83e+05 -8.892e+05  -2.28e+05 -5.177e+05  1.005e+05 -3.645e+05  4.346e+04  2.619e+05  4.831e+05  4.662e+05 -7.049e+05 -4.023e+05 -8.293e+04 -5.043e+04 -8.176e+04
 -5.337e+05 -5.704e+05 -6.644e+05 -1.621e+05 -1.441e+05 -4.669e+05 -1.522e+05   -4.9e+05 -3.475e+06 -4.009e+07 -1.164e+06  -1.29e+06  -2.48e+05  6.464e+04 -7.397e+04 -3.223e+05  3.068e+05 -6.366e+04 -1.476e+05 -2.792e+04 -5.854e+04 -1.086e+06 -1.195e+06 -3.225e+05 -1.859e+05 -2.326e+05  -1.07e+06 -2.223e+05 -5.202e+05      750.2 -3.614e+05 -3.482e+05 -3.682e+05  5.851e+04 -5.194e+04  2.009e+05  2.718e+05 -5.319e+05 -3.064e+05 -1.943e+05 -5.759e+04 -6.348e+05 -1.212e+05  2.906e+04  2.874e+05  1.222e+05 -5.144e+04 -3.686e+05  -1.46e+05  6.122e+04 -2.897e+05 -2.111e+05 -1.052e+06 -9.559e+04      -2325 -1.634e+05  1.274e+04 -1.043e+05 -7.701e+04  8.101e+04 -2.341e+05 -1.086e+05 -4.453e+05 -6.247e+04  1.342e+05  1.271e+05  -2.19e+05  5.731e+04 -4.457e+05  1.108e+05   4.37e+04  1.199e+05  -4.43e+05 -3.387e+04 -4.629e+05 -1.921e+05 -4.075e+04 -7.315e+05 -1.325e+05 -2.546e+05 -2.579e+05  2.275e+05 -2.966e+04 -1.888e+05 -2.889e+04  -2.17e+05 -1.502e+05
  -1.65e+05 -1.596e+05 -1.345e+05   1.07e+04       4486  2.669e+05  1.808e+05 -2.177e+05 -5.472e+05 -1.164e+06 -9.769e+06  6.079e+04 -3.549e+05 -1.895e+05 -1.777e+04  5.155e+04 -1.863e+05   4.16e+04 -6.446e+04 -8.522e+04 -1.571e+05  -1.06e+06  -1.46e+05 -2.541e+05 -6.035e+04 -1.274e+05 -3.959e+05 -3.812e+04   -1.1e+05  5.504e+04 -1.399e+05 -1.436e+04     -544.4   8.83e+04  -6.34e+04  1.388e+05  9.947e+04 -2.229e+05 -6.832e+04 -6.243e+04  2.701e+04 -2.132e+05  8.027e+04 -1.065e+04 -3.904e+05 -5.442e+04  2.496e+04 -2.609e+05   1.54e+04 -2.697e+04 -9.353e+04 -4.933e+04 -1.417e+05 -3.637e+05  4.588e+04 -2.341e+04  5.231e+04   -1.6e+05 -1.963e+05  3.571e+04 -7.832e+04 -2.376e+05 -1.359e+05 -5.301e+04 -3.303e+05 -2.864e+04       6075       1033 -2.169e+04 -5.505e+04 -1.203e+04  9.449e+04  9.942e+04  8.196e+04  7.713e+04       4160 -1.119e+05 -2.747e+05 -2.252e+04 -2.505e+04  1.321e+05  1.483e+05 -6.105e+04       4163  1.849e+04 -8.174e+04  6.601e+04
 -9.529e+04 -2.306e+05 -1.552e+05 -1.921e+04 -7.151e+04  6.142e+04 -3.148e+04      -8129 -4.647e+05  -1.29e+06  6.079e+04 -1.047e+07 -1.525e+05      -4358 -1.486e+05 -8.386e+04       8642  -5.46e+04 -1.758e+05  -1.38e+05 -2.488e+05 -4.732e+05 -3.347e+05 -1.606e+05 -7.193e+04 -3.581e+04 -3.331e+05 -1.703e+04 -1.774e+05  2.312e+04 -3.139e+05 -3.256e+04   3.36e+04  3.387e+04 -5.996e+04  1.468e+05 -1.175e+05 -1.105e+05       5050  8.771e+04  4.972e+04  1.304e+05       2650      -3080      -5290  6.209e+04   5.82e+04  -2.54e+04 -2.428e+05       5126  3.512e+04 -2.567e+04  -5.13e+05  8.307e+04  1.249e+05  7.613e+04  5.471e+04      727.4 -1.002e+05  7.644e+04   -9.4e+04 -4.703e+04 -1.135e+05  -3.04e+04 -2.385e+05  1.398e+05 -4.627e+04  7.578e+04  5.176e+04  -3.88e+04  9.534e+04   1.05e+05  4.238e+04  1.394e+05  7.255e+04    1.4e+05  5.332e+04 -3.394e+05       3564      -4140      -7676  1.077e+05      -6607      -5504  4.088e+04  4.215e+04  2.295e+04
 -3.618e+05 -3.664e+05 -4.097e+05 -1.763e+05  1.744e+04 -2.536e+05 -1.379e+05 -5.384e+05 -2.135e+06  -2.48e+05 -3.549e+05 -1.525e+05 -1.572e+07 -9.493e+04 -7.559e+05 -2.659e+05  -7.44e+05 -4.119e+05  -3.01e+05 -3.111e+05  -1.25e+05 -1.157e+06 -6.931e+05 -3.171e+05 -5.539e+04   -3.3e+04 -4.512e+05  6.061e+04 -5.423e+05  -5.91e+04 -2.827e+05 -7.809e+04 -3.641e+04 -4.358e+04       2952 -4.455e+04   1.48e+05 -4.222e+05 -2.025e+05 -1.908e+05  1.556e+05  2.488e+05  1.041e+05 -1.246e+05 -7.643e+05    8.3e+04  7.892e+04 -2.402e+05  6.967e+04 -2.157e+04 -1.138e+05 -1.694e+05 -4.286e+05 -2.093e+05       2324 -1.069e+05  1.538e+04       2476 -3.975e+05  1.472e+05 -1.012e+05 -2.404e+05  -5.62e+04 -1.743e+05 -1.885e+05  -1.63e+05 -1.422e+05 -9.712e+04 -4.469e+04 -1.264e+04  7.934e+04 -3.373e+04 -2.109e+05       9369 -7.726e+04 -8.806e+05 -8.631e+04 -7.377e+05 -1.563e+05 -1.824e+05 -3.411e+04      -8439 -1.565e+05 -1.113e+05 -2.617e+04 -2.964e+04       6105
 -4.892e+04      -2029   6.56e+04  4.584e+04  5.508e+04  2.284e+05 -1.102e+04 -2.925e+05 -1.663e+05  6.464e+04 -1.895e+05      -4358 -9.493e+04 -1.949e+07 -7.817e+05 -8.247e+05 -9.811e+05 -2.105e+05 -2.608e+05  -2.29e+05 -2.996e+05 -5.438e+05  -1.41e+04  6.708e+04 -4.186e+04  1.742e+05 -1.608e+05  3.484e+04 -1.314e+04  9.607e+04  8.383e+04      -8633  1.532e+05 -7.479e+04  1.969e+05 -5.092e+04  1.284e+05  2.246e+04  3.612e+04  2.373e+04  2.555e+04  -3.96e+05 -3.052e+05  1.288e+05  -5.29e+05  9.003e+04       4600  1.766e+05 -4.108e+05  1.791e+05 -6.548e+04  1.382e+04  9.425e+04 -2.769e+05  1.272e+05  1.327e+05  8.868e+04  1.266e+05 -3.418e+05  1.269e+04  1.692e+05 -2.037e+05  1.168e+05      -3604 -2.001e+04 -1.136e+05   1.14e+05  1.086e+05  1.475e+04 -1.574e+05  8.598e+04  1.225e+05   2.25e+05  5.813e+04  2.298e+05 -6.182e+04  2.039e+04  7.705e+04  2.851e+04  9.126e+04       5499  1.009e+05   1.76e+05  9.021e+04  1.223e+05      -3649  4.932e+04
 -3.103e+05 -3.393e+04   2.81e+04 -1.451e+05 -1.352e+04  1.169e+05 -5.575e+05 -3.896e+05 -4.432e+05 -7.397e+04 -1.777e+04 -1.486e+05 -7.559e+05 -7.817e+05 -3.411e+07 -8.518e+05 -2.452e+06 -1.058e+06 -1.521e+06  -9.44e+05 -8.929e+05 -4.957e+05 -9.838e+04 -4.687e+04   2.55e+04      -8134 -3.143e+05  9.525e+04 -4.633e+05  6.557e+04 -1.742e+04  -8.57e+04 -3.263e+05  5.006e+04  1.194e+05  5.675e+04  1.864e+05 -7.709e+04 -2.099e+05 -2.301e+04 -5.681e+04  -5.05e+05  -1.49e+04  8.165e+04  9.501e+04  9.279e+04  1.186e+05  1.879e+05 -2.899e+05      -9733  7.161e+04  2.501e+04 -1.467e+04  5.021e+04  1.386e+05  3.221e+04       78.5  2.225e+05  4.156e+05  2.596e+05  2.039e+05  3.723e+04  -9.32e+04  2.729e+05  4.607e+05  5.248e+05  4.512e+04      -4008 -1.607e+05 -2.974e+05 -5.219e+04  3.346e+04  2.088e+05  7.409e+04 -1.061e+05  1.051e+05 -2.303e+05 -9.545e+04  -1.05e+05       -272  1.348e+05  3.949e+05  2.546e+05 -3.861e+04  1.666e+05 -1.075e+04  1.026e+05
  6.379e+04  8.982e+04  1.475e+05  6.657e+04  1.996e+05 -1.486e+05      8e+04 -6.199e+04 -7.593e+04 -3.223e+05  5.155e+04 -8.386e+04 -2.659e+05 -8.247e+05 -8.518e+05 -2.405e+07 -2.908e+06 -1.008e+06 -1.017e+06 -9.542e+05 -1.162e+06 -8.895e+05  8.347e+04  9.129e+04  5.694e+04  1.391e+05  7.289e+04  1.834e+05  1.709e+04 -9.461e+04  4.542e+04 -1.205e+05  1.716e+05      538.8       7529  4.243e+04 -2.207e+04  1.411e+05  1.249e+05   2.94e+05  1.874e+05 -2.305e+05 -1.653e+04  4.695e+04  3.038e+04  4.539e+04  8.662e+04  1.359e+05 -2.494e+04 -1.902e+04  5.191e+04  7.884e+04 -9.318e+04  1.488e+04  1.641e+05  2.449e+05  2.634e+05  3.195e+05  2.211e+05  2.243e+05  1.426e+05  -1.72e+05 -2.216e+05   5.92e+04 -1.164e+05  1.296e+04  1.831e+05  1.392e+05  2.395e+05  2.738e+05  2.709e+05  1.064e+05  3.295e+05  2.659e+05  2.823e+05  3.605e+05  6.535e+04  4.241e+04  2.611e+05  2.047e+05  7.279e+04  3.648e+05  2.045e+05  1.938e+05  1.541e+05  8.482e+04  1.926e+05
 -3.253e+05 -3.296e+05 -1.944e+05      -9491 -3.568e+05  3.677e+05 -2.496e+05 -1.103e+06 -4.714e+05  3.068e+05 -1.863e+05       8642  -7.44e+05 -9.811e+05 -2.452e+06 -2.908e+06 -1.353e+08 -2.044e+06  -5.69e+06 -1.703e+06 -1.195e+06 -1.775e+06  6.882e+04  1.301e+05  4.441e+04       1277 -2.418e+05  1.645e+05 -2.557e+05  -1.05e+05  3.443e+05 -5.781e+04 -2.496e+05 -3.946e+04  2.316e+05 -8.414e+04  -1.89e+04 -1.407e+05  9.134e+04 -4.437e+05  3.265e+05  2.615e+05   3.65e+05  2.825e+05 -2.039e+05 -2.364e+05  -4.06e+05 -4.362e+05  -4.34e+04   3.88e+05  8.736e+04      -4978  3.076e+05 -4.383e+04  1.488e+05  1.552e+05 -1.131e+05  1.357e+05   3.31e+04  2.182e+05 -1.871e+05 -4.793e+05 -2.195e+05  5.248e+05  5.777e+04  -9.53e+05  2.316e+05  1.674e+05  -1.49e+05  3.688e+04  2.277e+05  1.115e+05  5.113e+05 -7.587e+04   1.88e+04  1.675e+05  4.955e+05  2.994e+05 -1.126e+05 -1.658e+05  4.374e+05  1.806e+04 -3.612e+05  2.049e+05   2.85e+04 -1.546e+05 -6.152e+04
  1.471e+05 -4.091e+04  3.299e+04  2.856e+04  8.895e+04       1158 -2.592e+05  1.209e+05 -1.917e+05 -6.366e+04   4.16e+04  -5.46e+04 -4.119e+05 -2.105e+05 -1.058e+06 -1.008e+06 -2.044e+06 -2.585e+07 -1.484e+06 -1.204e+06 -1.193e+06 -4.928e+05 -1.777e+05  1.256e+05  1.132e+05  9.019e+04  8.638e+04  1.676e+05  7.038e+04 -5.956e+04 -2.864e+05 -1.478e+05 -6.187e+04 -1.842e+05  3.474e+04 -3.887e+05  -9.79e+04  3.744e+04 -8.261e+04  1.543e+05   -3.1e+05  1.263e+05 -1.857e+05  1.046e+05 -3.856e+04      -5341  3.864e+04  2.125e+05 -6.041e+04  1.838e+05 -4.803e+04       1793  1.606e+05  1.026e+05  1.756e+05  1.609e+05  8.553e+04  2.475e+05  2.967e+05  1.399e+05  2.293e+05  -1.53e+05 -2.264e+05  1.713e+05 -9.357e+05  2.702e+05  1.228e+05 -1.278e+04 -2.562e+04      -6834  8.532e+04      -5578  1.048e+05       6410   9.02e+04  2.807e+05   1.13e+05 -3.465e+05 -1.495e+05  1.784e+05  2.386e+05  3.151e+04  1.424e+05  1.337e+05  1.667e+05  8.636e+04       3565
  9.031e+04 -5.662e+04   1.36e+05  1.245e+05  1.291e+05  4.023e+05 -5.221e+04 -5.805e+05 -3.778e+05 -1.476e+05 -6.446e+04 -1.758e+05  -3.01e+05 -2.608e+05 -1.521e+06 -1.017e+06  -5.69e+06 -1.484e+06 -4.571e+07 -1.274e+06  -1.15e+06 -1.755e+05  3.202e+04  9.604e+04  8.336e+04  8.379e+04 -1.238e+05  1.068e+05 -1.878e+05 -1.046e+05 -2.607e+05 -1.039e+05  1.416e+05       9287  4.932e+04 -1.432e+04 -1.929e+04  1.433e+05  1.096e+05  7.839e+04   -1.6e+05 -4.934e+05  7.563e+04   2.56e+05 -2.306e+05 -2.737e+05  6.308e+04  9.102e+04 -2.991e+05   9.45e+04  4.914e+04  1.356e+05 -1.158e+05  2.283e+04  2.042e+05  7.082e+04  1.672e+05  8.929e+04 -4.067e+05  9.733e+04  1.188e+05 -2.682e+05  2.651e+05  2.356e+05  6.257e+04  3.832e+05  3.038e+04  1.639e+05  4.502e+04 -2.019e+05   2.18e+05  2.436e+05  1.596e+05 -1.363e+05 -2.669e+05 -6.669e+05  3.736e+05  -1.51e+05 -1.681e+05  2.979e+05 -7.614e+05  8.574e+04   1.68e+05  3.763e+04  1.769e+05 -1.039e+05 -7.267e+04
  2.689e+05  5.368e+04  1.485e+05 -1.247e+05 -1.343e+04  7.655e+04 -6.119e+05  2.411e+05 -1.564e+05 -2.792e+04 -8.522e+04  -1.38e+05 -3.111e+05  -2.29e+05  -9.44e+05 -9.542e+05 -1.703e+06 -1.204e+06 -1.274e+06 -5.093e+07 -2.102e+06  -1.07e+06 -8.567e+04  2.124e+04  1.039e+05  1.849e+05  2.789e+05  2.019e+05  2.731e+05  4.889e+04  4.859e+05  -2.07e+05  4.834e+05 -1.639e+05   6.24e+04  6.629e+04 -4.761e+05 -4.016e+04  7.801e+04  3.018e+05  1.921e+05 -5.371e+05 -5.545e+04 -1.166e+05 -1.029e+05  2.806e+04  4.206e+04  1.152e+05  3.889e+04 -2.875e+04    1.4e+05 -4.505e+04  2.862e+05 -4.192e+05  3.773e+04  1.644e+05  7.509e+04  2.027e+04 -5.441e+05 -5.281e+05 -1.725e+05 -3.742e+05  -5.34e+05 -2.547e+05 -3.479e+05  -1.19e+06  2.131e+05   1.19e+05 -7.228e+04  3.096e+05  1.757e+05  8.256e+04  1.255e+05  1.459e+05 -3.989e+05  1.821e+05 -1.387e+05 -6.247e+04 -3.282e+05  2.733e+05  5.048e+05  2.171e+05 -9.001e+04   9.44e+04  7.731e+04 -1.806e+05 -1.165e+05
  4.694e+05  2.654e+05  1.731e+05   1.46e+05  4.357e+04  5.579e+04 -3.338e+05  3.869e+05 -2.761e+04 -5.854e+04 -1.571e+05 -2.488e+05  -1.25e+05 -2.996e+05 -8.929e+05 -1.162e+06 -1.195e+06 -1.193e+06  -1.15e+06 -2.102e+06 -4.807e+07  6.286e+04   2.68e+05  1.099e+05  1.507e+05   9.12e+04 -1.202e+05  9.877e+04  2.234e+04       2730 -1.695e+04  2.503e+04  1.292e+05 -1.266e+05 -1.356e+05  2.607e+04  -6.62e+05 -6.781e+04 -2.518e+05 -4.697e+04  -1.43e+05  6.833e+04 -3.192e+05 -4.884e+04  5.351e+04  2.757e+05 -3.165e+05  1.607e+05 -5.497e+05  3.414e+04 -2.296e+05 -3.572e+05  1.091e+05 -9.892e+04  1.182e+05  2.047e+05 -2.102e+04   1.89e+05  3.727e+05  2.506e+05  4.873e+04 -1.706e+05 -6.818e+05 -6.935e+04 -4.391e+05    2.7e+04  1.658e+05   2.54e+05  2.413e+05  3.929e+05  1.645e+05  1.908e+05 -3.153e+04  1.027e+05  4.391e+05  4.014e+05  3.462e+05        482 -1.053e+05 -1.061e+05  2.424e+05  -2.65e+05 -4.095e+05   1.62e+05   2.26e+05  5.348e+04  8.534e+04
 -5.671e+05 -9.985e+05 -5.724e+05  -2.97e+05 -4.887e+05 -4.505e+05 -2.317e+05 -3.871e+06 -6.922e+06 -1.086e+06  -1.06e+06 -4.732e+05 -1.157e+06 -5.438e+05 -4.957e+05 -8.895e+05 -1.775e+06 -4.928e+05 -1.755e+05  -1.07e+06  6.286e+04 -2.075e+08  -6.76e+06 -1.291e+06 -4.086e+05 -4.933e+05 -2.818e+06  -2.36e+05 -1.202e+06   -3.3e+05 -1.788e+06  -6.69e+05 -9.662e+04  2.897e+04 -4.029e+04 -4.647e+05  4.155e+05 -2.851e+06 -5.651e+05 -4.909e+05 -3.195e+05  3.202e+05  9.118e+04  4.875e+05 -2.504e+05  3.949e+05 -1.971e+05 -5.219e+05 -3.756e+04   3.18e+04 -1.198e+04 -2.132e+05 -3.111e+06 -1.097e+06 -1.972e+05 -8.054e+05 -8.161e+04 -4.878e+05 -6.923e+05 -6.743e+04 -1.276e+05 -1.128e+06  1.651e+05  3.176e+05       8066 -2.018e+05 -6.478e+05  6.045e+04  -2.72e+05  2.071e+05  2.713e+05    1.3e+05 -4.811e+05  -2.65e+04   3.86e+05 -4.859e+05  4.085e+05   3.98e+04  2.477e+05   4.29e+05  4.613e+05   4.42e+05 -3.558e+05 -7.022e+05 -9.138e+04  1.078e+05 -5.279e+04
 -6.079e+05 -7.056e+05 -3.627e+05 -4.123e+05 -3.842e+05  1.294e+05 -1.206e+05 -1.011e+06 -1.857e+06 -1.195e+06  -1.46e+05 -3.347e+05 -6.931e+05  -1.41e+04 -9.838e+04  8.347e+04  6.882e+04 -1.777e+05  3.202e+04 -8.567e+04   2.68e+05  -6.76e+06  -4.47e+07 -1.067e+06 -1.779e+05 -1.891e+05 -2.835e+06 -1.334e+05 -1.107e+06 -5.036e+04 -6.085e+05 -2.255e+05 -3.382e+05 -2.495e+05 -3.781e+04  1.037e+05 -8.571e+04   -3.2e+05 -2.264e+05 -4.177e+05 -2.436e+05   -8.7e+05  2.101e+05 -1.597e+05 -4.459e+04  3.691e+04 -3.457e+04 -1.056e+05 -3.054e+05  4.867e+04  -2.57e+05 -8.028e+04 -1.646e+06 -6.655e+05 -4.599e+04 -1.564e+05   1.45e+04 -8.931e+04 -3.885e+05 -6.068e+04  1.683e+05  -2.43e+05 -4.044e+05 -3.857e+05 -2.926e+05  4.354e+05 -3.378e+05  1.257e+05  -9.68e+04 -1.084e+05 -1.339e+04  2.262e+05 -4.228e+05  1.945e+05  -3.57e+05 -5.461e+05 -1.408e+05 -5.695e+05 -2.865e+05 -1.232e+05  8.863e+04  1.907e+05  3.372e+05 -3.305e+05  -1.15e+05 -2.556e+04 -2.341e+04
 -1.781e+05 -3.244e+05 -3.855e+05 -5.664e+04 -1.214e+05       2664 -5.474e+05 -6.904e+05 -6.533e+05 -3.225e+05 -2.541e+05 -1.606e+05 -3.171e+05  6.708e+04 -4.687e+04  9.129e+04  1.301e+05  1.256e+05  9.604e+04  2.124e+04  1.099e+05 -1.291e+06 -1.067e+06 -1.871e+07 -6.446e+05 -6.641e+05   -4.1e+05 -7.911e+04 -1.672e+05  -1.47e+05 -2.376e+05 -1.214e+05  -9.24e+04  6.979e+04 -2.404e+05  3.669e+04  3.296e+04  -4.34e+05 -1.504e+05  -1.37e+05 -8.123e+04 -4.885e+05  8.897e+04  -1.93e+05 -2.078e+05  8.504e+04 -6.946e+04 -5.153e+04 -2.408e+04  1.044e+05 -9.924e+04 -2.924e+04 -4.857e+05 -3.998e+05   3.64e+04 -2.138e+05      -5030 -6.089e+04 -9.811e+04 -9.945e+04  1.286e+05 -4.924e+04      -8718  1.348e+05  4.172e+05  1.073e+05 -2.453e+04  9.375e+04 -1.133e+05  1.177e+05  4.336e+04 -1.011e+04 -5.756e+04  -1.49e+05      -9261 -2.648e+05 -1.278e+05 -2.503e+05  -4.49e+04   9.95e+04  -5.44e+05  1.379e+05 -4.639e+04 -1.051e+05 -6.637e+04 -2.445e+04      -7546
 -5.653e+04 -1.784e+05 -4.371e+04 -3.817e+04 -1.192e+05 -4.029e+04  3.222e+04  -3.31e+05 -4.469e+05 -1.859e+05 -6.035e+04 -7.193e+04 -5.539e+04 -4.186e+04   2.55e+04  5.694e+04  4.441e+04  1.132e+05  8.336e+04  1.039e+05  1.507e+05 -4.086e+05 -1.779e+05 -6.446e+05 -1.105e+07 -1.502e+05 -2.447e+05 -1.176e+04 -1.296e+05  1.532e+04 -1.128e+05 -1.252e+04 -3.825e+04  4.145e+04 -1.504e+04  5.366e+04  1.151e+05 -1.257e+05 -2.185e+05  2.024e+04  1.144e+05      -9901 -1.188e+05  2.707e+04 -1.273e+05 -6.601e+04 -1.185e+05 -9.106e+04 -2.373e+05  4.071e+04 -1.169e+05 -5.036e+04 -3.898e+05 -1.157e+05  8.721e+04  1.676e+04 -7.325e+04 -8.608e+04  5.429e+04     -558.1  1.706e+04  2.164e+04 -3.144e+04  3.117e+04 -1.899e+05    3.4e+05 -7.069e+04   7.35e+04      3e+04  6.043e+04  6.393e+04 -2.765e+04 -2.342e+05 -1.052e+05 -1.887e+05 -2.686e+05 -2.123e+04 -2.909e+05 -2.923e+05 -1.925e+05 -1.647e+05 -1.045e+05 -4.947e+04 -1.127e+04  3.514e+04 -4.127e+04 -5.769e+04
 -1.363e+05 -1.344e+05       8038  1.349e+04 -5.555e+04 -1.662e+04 -1.287e+05 -7.783e+04 -6.854e+04 -2.326e+05 -1.274e+05 -3.581e+04   -3.3e+04  1.742e+05      -8134  1.391e+05       1277  9.019e+04  8.379e+04  1.849e+05   9.12e+04 -4.933e+05 -1.891e+05 -6.641e+05 -1.502e+05 -1.094e+07 -3.013e+05 -8.342e+04 -1.558e+05 -1.646e+04  -5.57e+04  4.131e+04  -1.11e+04  2.962e+04 -5.061e+04  4.269e+04  4.882e+04 -3.948e+04 -6.594e+04 -4.913e+04 -1.615e+05  1.224e+05 -1.852e+04 -4.251e+05   3.46e+04 -5.588e+04  1.869e+04 -1.501e+04  1.029e+04 -1.485e+05 -3.933e+04 -4.219e+04 -4.314e+05  1.606e+04  8.471e+04 -1.575e+04  3.014e+04  -4.65e+04 -8.148e+04   3.94e+04 -2.001e+04 -1.252e+05  -5.55e+04       9343 -1.781e+05 -4.242e+05      -8026  6.272e+04  1.023e+05 -1.032e+05       7107  4.006e+04 -2.579e+05 -6.397e+04  3.123e+04  1.461e+05       5126 -2.169e+05 -9.541e+04 -4.159e+04  5.903e+04  1.731e+05 -9.767e+04  3.677e+04  4.491e+04  2.378e+04  5.867e+04
 -6.127e+05 -3.381e+05 -1.391e+05 -2.069e+05 -2.132e+05  1.508e+05 -2.398e+05 -4.671e+05 -9.465e+05  -1.07e+06 -3.959e+05 -3.331e+05 -4.512e+05 -1.608e+05 -3.143e+05  7.289e+04 -2.418e+05  8.638e+04 -1.238e+05  2.789e+05 -1.202e+05 -2.818e+06 -2.835e+06   -4.1e+05 -2.447e+05 -3.013e+05 -3.989e+07 -2.211e+05  -5.15e+06 -1.924e+04  -2.58e+06 -8.702e+04 -1.884e+05 -2.223e+05 -2.837e+05 -2.222e+04 -1.959e+05 -5.572e+05 -3.759e+05 -2.121e+05 -2.463e+05  2.314e+05  1.857e+05 -2.069e+04 -7.499e+05 -8.773e+04  1.084e+05 -3.399e+05 -4.034e+05 -9.263e+05 -9.545e+04   -4.5e+04 -1.749e+06 -4.966e+05 -1.875e+04 -1.155e+05 -2.608e+04 -1.462e+05 -1.243e+06 -9.097e+04 -9.943e+04  1.056e+05 -1.247e+04  2.193e+04  1.504e+05   1.06e+05 -1.988e+05  4.219e+04 -1.621e+05  1.821e+05 -3.125e+04  3.491e+04 -1.308e+05   3.92e+04  1.311e+05  2.956e+05       8226 -7.632e+04 -2.246e+05 -2.808e+05  2.173e+04 -1.193e+05  3.062e+05 -1.864e+05 -3.396e+04 -6.404e+04 -1.471e+05
 -1.477e+05 -1.308e+05 -2.109e+04  6.639e+04  2.885e+04  1.474e+05  5.442e+04 -8.719e+04 -3.291e+05 -2.223e+05 -3.812e+04 -1.703e+04  6.061e+04  3.484e+04  9.525e+04  1.834e+05  1.645e+05  1.676e+05  1.068e+05  2.019e+05  9.877e+04  -2.36e+05 -1.334e+05 -7.911e+04 -1.176e+04 -8.342e+04 -2.211e+05 -4.459e+06 -1.219e+04  3.422e+04  1.564e+04 -8.912e+04  2.231e+04  1.002e+05  1.057e+05  5.539e+04  1.561e+05 -1.029e+04 -1.105e+05  1.136e+04  5.141e+04      -7553  8.168e+04 -2.818e+04 -2.844e+05  4.179e+04  8.114e+04  1.106e+05 -7.166e+04   1.49e+05  1.282e+04  5.438e+04 -1.811e+05 -5.743e+04  5.594e+04  -1.11e+04  3.434e+04      -2425  3.112e+04      -3818  1.043e+04  7.413e+04  7.314e+04       7711  9.063e+04   2.52e+05      -8161  8.846e+04 -3.594e+04  4.022e+04  1.526e+04 -1.238e+04 -2.031e+04  1.471e+04   2.95e+04  1.034e+05 -1.506e+05 -1.332e+05 -4.511e+04  3.071e+04       8256  1.286e+05 -2.588e+04  1.838e+04  2.077e+04      -7037   1.64e+04
 -3.823e+05 -1.958e+05 -2.603e+05 -7.701e+04 -1.011e+05 -3.416e+05       3847 -6.388e+05 -9.532e+05 -5.202e+05   -1.1e+05 -1.774e+05 -5.423e+05 -1.314e+04 -4.633e+05  1.709e+04 -2.557e+05  7.038e+04 -1.878e+05  2.731e+05  2.234e+04 -1.202e+06 -1.107e+06 -1.672e+05 -1.296e+05 -1.558e+05  -5.15e+06 -1.219e+04 -2.616e+07 -1.923e+05  -8.09e+06 -2.185e+05 -7.648e+05 -1.087e+05  -3.44e+05  -6.75e+04 -3.791e+05 -4.256e+05 -1.848e+05 -1.606e+05 -1.814e+05 -4.691e+04  1.223e+05  5.597e+04 -3.479e+05 -1.757e+05   4.56e+04  2.357e+04 -2.351e+05   3.07e+04 -1.796e+05  -9.92e+04 -6.078e+05 -3.309e+05  5.124e+04  -4.74e+04  1.606e+04       7857 -9.413e+04   2.36e+04 -1.874e+05  1.703e+04 -1.013e+05 -5.939e+04  3.649e+05  4.521e+05 -6.022e+04 -4.302e+04 -1.659e+05 -2.749e+05  1.071e+05 -3.293e+04 -3.754e+05 -4.959e+04  1.034e+05 -4.484e+05 -2.695e+05 -2.084e+05 -1.216e+05  5.302e+04  3.184e+04  1.136e+05  2.321e+05 -1.382e+05      357.2  -1.25e+04 -8.213e+04
 -1.005e+05     -4e+04  -1.55e+04  1.199e+05 -6.697e+04  1.033e+05      -6730 -1.185e+04 -2.813e+05      750.2  5.504e+04  2.312e+04  -5.91e+04  9.607e+04  6.557e+04 -9.461e+04  -1.05e+05 -5.956e+04 -1.046e+05  4.889e+04       2730   -3.3e+05 -5.036e+04  -1.47e+05  1.532e+04 -1.646e+04 -1.924e+04  3.422e+04 -1.923e+05 -1.065e+07 -1.259e+06 -1.825e+05 -1.725e+05  -1.04e+05 -2.078e+05 -2.054e+05   -2.2e+05  2.641e+04  3.657e+04     -561.1  1.597e+04 -1.787e+05 -4.219e+04 -4.109e+04 -5.291e+04  3.429e+04 -1.439e+04  2.459e+04  9.795e+04  1.072e+05 -4.101e+04  9.379e+04      -7433  3.905e+04  9.405e+04  7.939e+04  1.089e+05  7.207e+04 -2.762e+05  1.355e+04  2.096e+04 -1.817e+05   1.01e+05  2.542e+04 -3.115e+05  1.069e+05  9.603e+04  1.169e+05  8.852e+04  3.853e+04  4.654e+04  9.639e+04  2.405e+04 -6.567e+04 -9.312e+04 -5.858e+04      -3281      -4090  6.804e+04 -5.992e+04  1.179e+05  2.346e+05   2.13e+05  5.588e+04  9.976e+04  9.531e+04       7356
 -1.607e+05 -3.326e+05 -1.373e+05 -2.357e+05 -1.435e+05  2.409e+05    4.8e+04 -4.565e+05 -4.787e+05 -3.614e+05 -1.399e+05 -3.139e+05 -2.827e+05  8.383e+04 -1.742e+04  4.542e+04  3.443e+05 -2.864e+05 -2.607e+05  4.859e+05 -1.695e+04 -1.788e+06 -6.085e+05 -2.376e+05 -1.128e+05  -5.57e+04  -2.58e+06  1.564e+04  -8.09e+06 -1.259e+06 -9.153e+07 -1.264e+06 -2.722e+06 -3.808e+05 -5.984e+05 -2.463e+05 -1.627e+06 -2.735e+05 -3.001e+05 -1.701e+05 -2.994e+05 -1.079e+05 -2.141e+05 -2.071e+05 -6.879e+05 -1.458e+05 -2.621e+05 -3.351e+05  -7.45e+05  7.176e+04  1.275e+05 -2.378e+05 -1.324e+05 -4.928e+04  3.981e+04   1.05e+05  1.876e+04 -2.513e+04 -7.495e+05  3.376e+05  1.838e+05  9.154e+04  2.751e+05  2.075e+05   2.12e+05  5.595e+05 -1.656e+05   1.41e+05 -3.644e+05 -1.481e+05  2.521e+05  2.617e+05 -1.844e+05 -2.863e+05  2.419e+05  4.842e+05   1.03e+05 -1.442e+05 -6.183e+05  1.631e+05  4.223e+05  4.998e+05  8.909e+04  9.795e+04 -1.181e+04  2.073e+05 -1.272e+05
 -1.797e+04  1.368e+05 -2.223e+05      -5877  -1.87e+04   2.89e+04 -1.384e+04       8099 -1.676e+05 -3.482e+05 -1.436e+04 -3.256e+04 -7.809e+04      -8633  -8.57e+04 -1.205e+05 -5.781e+04 -1.478e+05 -1.039e+05  -2.07e+05  2.503e+04  -6.69e+05 -2.255e+05 -1.214e+05 -1.252e+04  4.131e+04 -8.702e+04 -8.912e+04 -2.185e+05 -1.825e+05 -1.264e+06 -1.316e+07 -3.141e+05 -1.388e+05 -1.848e+05 -5.437e+05 -3.357e+05 -1.424e+05  1.945e+04 -2.887e+05 -1.007e+05 -1.999e+04 -1.804e+04       8485 -8.919e+04  8.216e+04 -5.992e+04 -1.292e+05 -5.902e+04  2.871e+05 -3.229e+04 -7.927e+04  -1.33e+05 -1.746e+04  6.186e+04  9.587e+04  1.072e+05       8390  2.918e+04 -2.779e+04 -7.002e+04 -2.522e+04  9.452e+04      -1552  2.911e+05  3.303e+05       7615  6.498e+04  1.095e+05  1.147e+04       1491  5.652e+04  1.403e+05   1.34e+05       5115 -2.099e+05 -1.313e+04  -3.94e+05  -8.85e+04 -8.856e+04  1.165e+05  2.484e+05  1.914e+05       2719   4.42e+04  1.971e+04  6.588e+04
 -2.102e+05  1.397e+05 -1.072e+05  4.339e+04 -1.216e+05  1.447e+05 -1.312e+05 -2.237e+04  -3.49e+05 -3.682e+05     -544.4   3.36e+04 -3.641e+04  1.532e+05 -3.263e+05  1.716e+05 -2.496e+05 -6.187e+04  1.416e+05  4.834e+05  1.292e+05 -9.662e+04 -3.382e+05  -9.24e+04 -3.825e+04  -1.11e+04 -1.884e+05  2.231e+04 -7.648e+05 -1.725e+05 -2.722e+06 -3.141e+05 -2.632e+07 -4.291e+05 -1.091e+06 -3.697e+05 -5.005e+05 -6.464e+04 -8.216e+04 -3.994e+04 -2.389e+05 -4.491e+05  8.865e+04  1.627e+05  7.758e+04  5.509e+04 -1.351e+05  1.524e+05  1.364e+05 -2.872e+05  1.917e+05 -3.809e+04  3.593e+05 -1.503e+05  9.067e+04   9.29e+04  2.186e+04  8.647e+04  1.721e+05  1.969e+05  3.085e+05  2.245e+05   2.53e+05  1.893e+05  1.352e+05 -1.991e+05  1.284e+05  7.335e+04  6.156e+04  1.595e+05  8.127e+04  9.279e+04  1.901e+05  1.779e+05 -1.751e+05 -3.989e+05  3.728e+05  1.782e+05  2.554e+05  1.191e+05 -1.538e+04 -1.243e+05  1.418e+05  4.189e+04  1.206e+04  1.511e+05  7.884e+04
  1.437e+05 -1.469e+04 -5.834e+04  3.533e+04 -1.885e+04  3.721e+04      -4587 -1.565e+05  1.157e+05  5.851e+04   8.83e+04  3.387e+04 -4.358e+04 -7.479e+04  5.006e+04      538.8 -3.946e+04 -1.842e+05       9287 -1.639e+05 -1.266e+05  2.897e+04 -2.495e+05  6.979e+04  4.145e+04  2.962e+04 -2.223e+05  1.002e+05 -1.087e+05  -1.04e+05 -3.808e+05 -1.388e+05 -4.291e+05 -1.518e+07 -5.201e+05 -7.037e+05 -4.549e+05 -3.034e+04 -1.516e+05  8.166e+04  1.939e+04 -4.376e+05  8.954e+04  8.724e+04  6.195e+04  1.452e+05      208.2 -5.014e+04  1.858e+05 -9.755e+04  3.611e+04  3.401e+04 -4.384e+04  3.818e+04  1.099e+05  9.587e+04  1.355e+05  4.037e+04 -3.903e+05  2.026e+05   5.62e+04   3.42e+04 -1.506e+05      -2958 -1.501e+04 -1.829e+05  7.592e+04  1.123e+05  5.521e+04  2.467e+04  9.067e+04  7.384e+04  2.444e+05  1.876e+05  1.488e+05 -1.822e+05       6130 -7.579e+04  1.097e+05 -6.784e+04  2.756e+05  5.388e+04 -1.008e+04  1.221e+05  1.501e+05  1.708e+05  1.272e+05
   6.36e+04  3.309e+04  6.385e+04  1.138e+05 -4.586e+04  3.571e+04  2.633e+05 -1.558e+04 -3.394e+05 -5.194e+04  -6.34e+04 -5.996e+04       2952  1.969e+05  1.194e+05       7529  2.316e+05  3.474e+04  4.932e+04   6.24e+04 -1.356e+05 -4.029e+04 -3.781e+04 -2.404e+05 -1.504e+04 -5.061e+04 -2.837e+05  1.057e+05  -3.44e+05 -2.078e+05 -5.984e+05 -1.848e+05 -1.091e+06 -5.201e+05 -2.827e+07 -8.675e+05 -1.033e+06 -3.075e+05 -1.674e+05  4.209e+04  3.382e+04  -2.82e+05 -3.682e+04 -2.119e+04  2.142e+05 -4.289e+04 -7.733e+04  1.454e+04 -2.747e+05  2.984e+05 -1.848e+04  2.305e+04 -2.181e+05  1.376e+05  9.546e+04 -1.309e+04  2.154e+05  1.401e+05 -4.526e+05 -7.839e+04 -1.229e+05 -2.892e+04  2.127e+05      -5393  7.699e+04 -7.426e+05  2.647e+04 -3.321e+04  2.077e+05  1.505e+05 -2.286e+04  3.315e+04  6.868e+04 -1.772e+04  3.992e+04  8.747e+04  1.969e+05 -7.406e+04 -3.044e+05 -8.838e+04 -2.352e+05  1.366e+05  3.254e+05 -2.197e+04  1.405e+05  3.182e+04  1.373e+04
  2.156e+05 -2.078e+04  2.431e+05  7.127e+04  1.324e+05  2.892e+05 -1.879e+05 -1.456e+04 -2.047e+05  2.009e+05  1.388e+05  1.468e+05 -4.455e+04 -5.092e+04  5.675e+04  4.243e+04 -8.414e+04 -3.887e+05 -1.432e+04  6.629e+04  2.607e+04 -4.647e+05  1.037e+05  3.669e+04  5.366e+04  4.269e+04 -2.222e+04  5.539e+04  -6.75e+04 -2.054e+05 -2.463e+05 -5.437e+05 -3.697e+05 -7.037e+05 -8.675e+05 -4.101e+07 -2.559e+06  2.081e+05  1.503e+04  3.577e+05 -3.797e+04  4.727e+05 -6.843e+04 -1.586e+05 -2.581e+04  4.308e+05 -1.587e+05   1.06e+05  -5.42e+05  4.687e+04 -1.152e+05  4.409e+04  8.483e+04 -1.719e+05  4.495e+04  2.101e+05  8.842e+04  1.397e+05  2.094e+05  7.588e+04  1.749e+04   2.92e+05  8.408e+04  9.511e+04 -3.607e+05 -6.337e+05  2.717e+05  2.106e+05  1.307e+05  2.704e+05  5.615e+04 -2.397e+05   1.25e+05   5.21e+05  1.324e+05   3.87e+05  1.123e+05 -1.605e+05  4.376e+04  3.914e+05  1.892e+05  1.354e+05   1.63e+04  1.368e+05   2.12e+05  1.847e+05  1.158e+05
  4.737e+05   3.93e+05  1.492e+05 -1.106e+05  1.229e+05  1.048e+05 -3.147e+05  2.024e+05  1.029e+05  2.718e+05  9.947e+04 -1.175e+05   1.48e+05  1.284e+05  1.864e+05 -2.207e+04  -1.89e+04  -9.79e+04 -1.929e+04 -4.761e+05  -6.62e+05  4.155e+05 -8.571e+04  3.296e+04  1.151e+05  4.882e+04 -1.959e+05  1.561e+05 -3.791e+05   -2.2e+05 -1.627e+06 -3.357e+05 -5.005e+05 -4.549e+05 -1.033e+06 -2.559e+06 -4.816e+07  1.506e+05  2.242e+05  1.799e+05 -5.387e+04  4.436e+05  1.317e+05 -9.625e+04   3.72e+05 -4.886e+05  1.637e+04 -2.013e+05 -1.283e+05  1.641e+05  3.058e+05 -4.635e+04 -1.378e+05  3.748e+05  3.267e+04  2.013e+05  2.042e+05   2.77e+05   2.37e+05  1.145e+05  2.918e+05  2.169e+05  1.692e+05  3.104e+05  -8.98e+04 -1.688e+05  1.183e+05  1.661e+05  2.522e+04  4.459e+05  2.178e+05  2.404e+04  1.118e+05   3.54e+05   1.71e+05  5.461e+05 -1.399e+05 -2.107e+05  4.141e+05  3.224e+05  5.051e+05  5.699e+05 -3.516e+05  1.503e+05  3.208e+05  1.948e+05  1.183e+05
 -3.397e+05 -5.169e+05  -3.95e+05 -1.488e+05 -3.148e+05  1.133e+05  8.911e+04 -8.688e+05 -1.001e+06 -5.319e+05 -2.229e+05 -1.105e+05 -4.222e+05  2.246e+04 -7.709e+04  1.411e+05 -1.407e+05  3.744e+04  1.433e+05 -4.016e+04 -6.781e+04 -2.851e+06   -3.2e+05  -4.34e+05 -1.257e+05 -3.948e+04 -5.572e+05 -1.029e+04 -4.256e+05  2.641e+04 -2.735e+05 -1.424e+05 -6.464e+04 -3.034e+04 -3.075e+05  2.081e+05  1.506e+05 -1.528e+07 -8.117e+05 -8.235e+04  9.701e+04 -2.486e+05  1.767e+05    6.4e+04 -2.341e+05  -8.38e+04  3.853e+04  9.218e+04 -3.818e+04  -7.73e+04 -4.689e+04 -9.669e+04 -3.175e+05 -5.662e+05  1.024e+04 -1.618e+05      864.4 -1.471e+05 -6.072e+04  2.515e+04      -3120 -3.756e+04  4.915e+04      -6145 -1.254e+05 -2.096e+05 -1.343e+05 -4.164e+04 -1.964e+05 -3.615e+05      -9749  2.309e+04 -9.843e+04 -1.896e+05 -5.791e+04  4.863e+04  1.132e+05  1.797e+05   -1.5e+05 -1.426e+05   1.62e+04  4.397e+05 -4.235e+04 -1.322e+05 -1.636e+05      -6838  -7.71e+04
