
 45

((((t45: 0.014595, (t5: 0.003341, t17: 0.003058): 0.011151): 0.008058, (((t2: 0.016253, t39: 0.014896): 0.003336, (t9: 0.008605, (t10: 0.006615, (t15: 0.006385, (t40: 0.003317, t19: 0.003397): 0.003476): 0.000797): 0.004457): 0.010429): 0.001278, (((t20: 0.013917, t38: 0.014707): 0.007537, (t37: 0.032285, (t42: 0.011836, (t34: 0.012926, (t27: 0.011046, (t36: 0.003829, t12: 0.003537): 0.005665): 0.005856): 0.001085): 0.004947): 0.003186): 0.003305, (((t26: 0.005283, (t31: 0.006178, t35: 0.004850): 0.000571): 0.004655, ((t11: 0.006768, (t7: 0.003063, t6: 0.002794): 0.003433): 0.003484, t21: 0.009584): 0.001857): 0.006408, t32: 0.015373): 0.010162): 0.000505): 0.002729): 0.004740, ((t4: 0.041140, (t3: 0.014910, ((t41: 0.006756, t25: 0.006360): 0.001041, (t1: 0.003720, (t13: 0.001124, t44: 0.001020): 0.003208): 0.003944): 0.008952): 0.023928): 0.002016, (t14: 0.014478, ((t24: 0.007605, t18: 0.009757): 0.002654, ((t23: 0.003198, (t43: 0.002420, t8: 0.002350): 0.001096): 0.004666, (t30: 0.004311, (t22: 0.001712, t16: 0.001898): 0.002558): 0.003123): 0.002907): 0.006034): 0.021074): 0.000799): 0.002259, t33: 0.027151, (t28: 0.016798, t29: 0.014478): 0.031639);

  0.002259  0.004740  0.008058  0.014595  0.011151  0.003341  0.003058  0.002729  0.001278  0.003336  0.016253  0.014896  0.010429  0.008605  0.004457  0.006615  0.000797  0.006385  0.003476  0.003317  0.003397  0.000505  0.003305  0.007537  0.013917  0.014707  0.003186  0.032285  0.004947  0.011836  0.001085  0.012926  0.005856  0.011046  0.005665  0.003829  0.003537  0.010162  0.006408  0.004655  0.005283  0.000571  0.006178  0.004850  0.001857  0.003484  0.006768  0.003433  0.003063  0.002794  0.009584  0.015373  0.000799  0.002016  0.041140  0.023928  0.014910  0.008952  0.001041  0.006756  0.006360  0.003944  0.003720  0.003208  0.001124  0.001020  0.021074  0.014478  0.006034  0.002654  0.007605  0.009757  0.002907  0.004666  0.003198  0.001096  0.002420  0.002350  0.003123  0.004311  0.002558  0.001712  0.001898  0.027151  0.031639  0.016798  0.014478

 -4.388259 -1.404298 -0.666924 -0.329880 -0.149095 -2.708086 -3.422623 -4.314799 -9.947782 -3.488969 -0.429003 -0.239163  0.331816 -0.473231 -0.642659 -0.557434 -27.098510 -0.085022 -2.058055 -2.934410 -2.848899 -65.059603 -2.689617 -0.673046 -0.515530  0.052775 -2.575632  0.111647 -0.732123  0.098946 -9.142655  0.295944 -0.706578 -0.097296 -1.064988 -2.497441 -2.208155 -0.624047 -0.422210 -1.428750 -2.071725 -65.337486 -0.676269 -1.475973 -5.980210 -2.554564 -0.315099 -2.896946 -3.549688 -3.897753 -0.879816 -0.135290 -16.449734 -3.204275 -0.381849  0.158604  0.346983  0.541720 -20.457908 -0.341120 -1.452357 -1.702843 -2.323737 -3.062955 -20.404461 -27.625111  0.065557  0.122213 -0.474440 -1.523327 -0.538978 -0.225969 -2.669790 -1.329082 -2.964350 -25.788569 -5.703356 -5.788539 -3.137488 -0.843286 -4.151809 -9.313577 -9.236902 -0.410851  0.403421  0.202651  0.059098


Hessian

 -4.794e+07 -1.995e+06 -2.707e+05 -1.813e+05 -3.435e+05  2.805e+05  8.982e+04 -6.429e+05 -5.874e+05 -9.208e+05 -1.417e+05 -5.948e+04 -4.357e+05  3.358e+04 -2.618e+05 -4.654e+04 -1.676e+05  9.755e+04  1.714e+05   1.57e+05  5.343e+05 -9.224e+05 -7.408e+05 -2.231e+05 -8.535e+04  -2.14e+05 -8.726e+05 -1.803e+05 -5.347e+05 -1.272e+05 -1.845e+05  5.123e+04 -2.039e+05  1.537e+05  1.229e+05  2.106e+05  5.235e+05 -4.813e+05  -5.38e+05 -5.379e+04  2.033e+05 -2.053e+05  1.543e+05  3.782e+05  -3.32e+05  9.262e+04  1.886e+05 -1.523e+05  7.073e+05  5.711e+04 -7.063e+04 -1.846e+05 -2.706e+06 -7.658e+05  3.566e+04 -1.925e+05  1.457e+05 -2.142e+05  2.841e+05  1.138e+05  1.044e+05   2.07e+04 -2.911e+05 -2.757e+05  1.572e+05  8.302e+04 -5.102e+05 -1.796e+04 -1.962e+05 -5.761e+04       4001 -2.241e+05      -5326 -3.286e+05 -1.368e+05  -2.36e+05 -2.354e+05 -1.152e+04  1.092e+05 -2.172e+05 -1.766e+05 -5.408e+04    1.8e+05  -3.09e+06 -1.926e+06 -1.095e+05  -2.85e+05
 -1.995e+06 -4.206e+07 -3.004e+05 -2.618e+05 -1.096e+05 -2.831e+05 -2.543e+05 -3.413e+06 -1.422e+06 -8.607e+05  -1.83e+05 -3.285e+05 -4.509e+05  1.103e+04   -1.4e+05  1.013e+05 -4.476e+05 -1.722e+05  4.162e+04      -2404  3.206e+05 -1.251e+06 -1.229e+06 -4.775e+05 -1.783e+05 -1.407e+05 -6.097e+05 -1.268e+05 -3.786e+05 -5.524e+04  -7.97e+05  7.732e+04  1.723e+05 -1.162e+04 -2.319e+04   2.71e+04   2.02e+05 -6.561e+05  -4.16e+05  -5.08e+05  2.003e+04 -9.934e+04 -9.095e+04 -5.072e+04 -4.012e+05 -1.032e+05  3.178e+05       4970  4.091e+04      -6947 -4.552e+04 -1.964e+05 -7.995e+06 -1.357e+06 -3.056e+05 -5.981e+05 -2.126e+05 -4.142e+05 -4.419e+05  1.125e+04  6.951e+04 -5.597e+05 -2.559e+05 -6.102e+05 -7.903e+05  1.533e+05 -7.863e+05 -1.356e+05 -4.625e+05 -5.795e+05 -2.798e+05 -1.412e+05 -2.663e+05 -6.176e+05 -3.988e+05 -5.946e+05 -5.523e+05 -4.844e+05 -3.689e+05  -1.97e+05 -7.307e+05  1.796e+05  1.092e+05 -4.922e+05 -2.906e+05 -1.173e+05 -1.244e+05
 -2.707e+05 -3.004e+05 -2.646e+07 -4.584e+05 -7.132e+05 -1.321e+05 -1.939e+05 -1.809e+06 -9.371e+05 -5.786e+05 -1.527e+05 -2.034e+05 -6.346e+05  5.287e+04 -1.238e+05  1.916e+05 -3.341e+04   9.65e+04  1.026e+05  1.438e+05  3.096e+05 -7.496e+05 -6.309e+05  -4.21e+05 -7.277e+04  6.253e+04 -2.504e+05 -3.525e+04 -4.359e+05       3482 -4.346e+05 -1.696e+05 -1.455e+05  -1.12e+04 -4.176e+04   2.39e+05  2.045e+05 -4.781e+05 -2.989e+05 -2.375e+05  3.402e+05  9.321e+04  1.133e+05 -1.123e+04   9.51e+04  8.863e+04  -1.75e+05 -4.746e+05  1.618e+05 -3.212e+05      -3764 -2.821e+05 -4.817e+05 -4.818e+05 -3.717e+04 -1.018e+05 -1.067e+04 -1.254e+05  -6.19e+05  9.652e+04  6.023e+04  8.359e+04 -1.191e+05   1.16e+05 -3.775e+04  6.895e+05 -2.419e+05      -4336 -1.795e+05 -2.328e+05 -7.587e+04  4.275e+04  5.211e+04  4.803e+04 -7.361e+04 -6.499e+05      -1501  -4.58e+05 -1.709e+05  1.406e+04 -1.678e+05  4.828e+05  7.811e+04  -1.42e+05 -6.644e+04 -4.743e+04 -8.447e+04
 -1.813e+05 -2.618e+05 -4.584e+05 -1.537e+07 -1.609e+05 -1.063e+05 -1.083e+05 -1.459e+05 -4.117e+05 -1.757e+05       2279  5.243e+04 -1.605e+05  4.912e+04 -7.065e+04  1.451e+05 -6.033e+04  1.547e+05  1.829e+05  -1.35e+05  3.042e+05 -4.748e+05 -4.311e+05       3776 -4.069e+04 -1.739e+04 -1.586e+05   1.47e+05 -5.828e+04  1.416e+05 -2.105e+05       8051   5.69e+04  1.038e+05  1.757e+05  9.129e+04 -8.117e+04 -1.992e+05 -7.119e+04      225.6  1.794e+05  8.186e+04  1.039e+05  1.456e+04 -1.332e+05  9.203e+04  1.216e+05  -1.19e+05  1.821e+05  4.944e+04  1.183e+05 -8.296e+04 -1.165e+05       6655  1.182e+05  6.043e+04  9.942e+04 -1.631e+04  2.691e+04      -9390  8.482e+04   -7.6e+04  1.842e+05 -3.514e+04  2.238e+05  2.257e+05  1.018e+04  6.133e+04 -2.093e+05      -8137   6.03e+04       6510 -4.255e+04       5362  1.255e+05 -2.109e+05 -1.469e+05 -2.014e+05  5.064e+04  -6.67e+04  3.725e+04  2.173e+05    1.2e+05  5.307e+04  5.752e+04  5.823e+04  4.914e+04
 -3.435e+05 -1.096e+05 -7.132e+05 -1.609e+05 -1.981e+07 -3.251e+05 -3.786e+05 -3.077e+05 -3.598e+05 -1.916e+05      558.7 -1.075e+05 -1.182e+05  6.278e+04  1.343e+04  3.042e+05 -3.858e+05  6.017e+04  9.941e+04  1.948e+04  1.506e+05   -6.9e+05 -4.513e+05 -1.077e+05 -8.467e+04 -4.272e+04  -3.41e+05  7.798e+04 -1.373e+05 -5.517e+04 -2.285e+05 -9.174e+04 -1.395e+05  2.102e+04  1.619e+04  1.092e+05  4.968e+04 -3.811e+05 -1.211e+04  3.467e+04  2.789e+04  3.481e+05   1.89e+05  1.192e+05  2.681e+04 -1.021e+04  7.781e+04 -2.078e+04 -6.639e+04  1.548e+05  -3.13e+04 -4.081e+04 -5.534e+05 -5.152e+04  1.785e+05  4.499e+04  1.282e+05  7.628e+04  6.454e+04  5.041e+04  9.842e+04  7.624e+04  1.846e+05  2.759e+05 -3.441e+05  3.314e+05  5.447e+04  4.934e+04  1.259e+04 -1.715e+05  1.189e+05  1.196e+05  6.411e+04  -1.03e+05  2.323e+05  4.623e+04   2.92e+05  3.505e+04  6.978e+04  1.105e+05 -2.329e+05  1.809e+05  4.846e+04       2498  5.871e+04  4.784e+04  1.915e+05
  2.805e+05 -2.831e+05 -1.321e+05 -1.063e+05 -3.251e+05 -6.866e+07 -4.789e+06 -2.732e+05 -2.155e+05 -4.919e+05  3.028e+05  1.922e+05 -1.514e+05  2.576e+05  8.689e+04 -2.558e+05  3.184e+05 -1.298e+05  2.646e+05  2.332e+05  9.813e+04 -2.233e+05 -1.504e+04  1.776e+05  6.797e+04  1.232e+04  1.609e+05  2.002e+05  -3.66e+05  1.593e+05 -2.147e+04  3.692e+04  2.714e+05  5.426e+04  1.202e+05  2.632e+05  1.876e+05  1.619e+05  2.494e+05 -1.816e+05 -4.038e+05  7.249e+05 -1.583e+05 -4.974e+05  5.684e+05  1.549e+04 -1.475e+05  1.817e+05  6.605e+04  2.281e+05  7.235e+04  6.155e+04 -5.517e+04  6.947e+04  1.812e+05  1.807e+05  2.777e+05  7.733e+04   1.21e+05   1.98e+05 -1.571e+05  2.448e+05 -2.445e+05 -2.413e+05  4.899e+05  6.094e+05  1.534e+05   2.13e+05  7.378e+04  2.358e+05  2.946e+05  2.872e+04  2.305e+05  5.549e+04  2.101e+05  2.256e+05 -1.581e+05 -2.381e+05  9.328e+04  -2.96e+05 -2.211e+05  1.807e+05  1.095e+05  7.246e+04  2.788e+05  1.541e+05  7.184e+04
  8.982e+04 -2.543e+05 -1.939e+05 -1.083e+05 -3.786e+05 -4.789e+06 -7.478e+07  1.247e+05 -6.059e+05 -4.195e+05  5.957e+04 -9.381e+04 -4.668e+04  6.335e+04 -4.309e+05 -2.208e+05 -9.633e+04 -2.395e+05      420.1 -7.049e+05 -2.309e+05 -1.956e+05 -3.266e+05 -4.418e+05  9.588e+04 -5.095e+04 -4.623e+05  7.482e+04  1.617e+04 -4.906e+04      -5487      -8379 -1.249e+05  1.287e+05  2.835e+05 -1.687e+05 -6.625e+04  9.164e+04  1.503e+05  4.037e+04  2.108e+05  7.013e+05 -1.511e+05 -7.262e+04  3.409e+05  2.182e+05  1.949e+05  1.893e+05 -1.168e+05 -4.454e+05 -7.711e+04  -1.04e+05   1.74e+05  7.425e+04   1.75e+05  1.041e+05  1.077e+05  2.071e+05  2.816e+05 -2.185e+04 -8.183e+04  1.645e+05  4.377e+04  2.127e+05  1.303e+05  8.365e+05  6.454e+04  9.166e+04   1.26e+05   5.62e+05   1.84e+05  1.206e+05 -1.039e+05  1.442e+05   2.83e+05 -3.773e+05  3.038e+05 -2.465e+05  1.527e+05 -2.596e+05 -4.754e+04 -2.181e+04 -4.561e+05  2.503e+05  1.149e+05 -2.753e+04  1.067e+05
 -6.429e+05 -3.413e+06 -1.809e+06 -1.459e+05 -3.077e+05 -2.732e+05  1.247e+05 -7.417e+07 -3.935e+06 -6.485e+05 -2.015e+05 -4.159e+04 -6.811e+05 -2.344e+05 -4.396e+05  9.972e+04 -1.387e+06  1.602e+05 -3.801e+05   2.74e+05  4.113e+05 -5.292e+06 -1.453e+06 -8.388e+05 -2.665e+05  4.209e+04 -5.651e+05 -6.341e+04 -8.927e+05  3.862e+04 -4.985e+05 -1.352e+05 -2.895e+04  -6.05e+04      -6128 -6.292e+04  1.431e+05  -1.09e+06 -2.879e+05 -8.202e+04 -1.687e+04 -1.267e+05 -1.764e+05  2.731e+05  1.007e+05  3.382e+04   2.44e+04 -4.639e+04  3.395e+05  5.364e+04  -1.07e+05 -1.802e+05 -1.673e+06  -8.99e+05 -1.309e+05  -3.03e+05  -1.66e+05  -4.43e+05  -7.78e+05   2.19e+05 -4.161e+05 -1.975e+05  7.227e+04 -1.567e+05 -1.627e+06  5.068e+05  -4.59e+05  2.069e+04 -2.055e+05 -3.251e+05 -2.333e+05  6.804e+04 -1.586e+05 -5.035e+05 -2.462e+05 -6.107e+05  2.871e+05 -2.057e+05  1.825e+05       5864  -1.66e+05 -5.335e+05 -6.704e+04 -5.186e+05 -1.175e+05 -5.608e+04 -1.778e+05
 -5.874e+05 -1.422e+06 -9.371e+05 -4.117e+05 -3.598e+05 -2.155e+05 -6.059e+05 -3.935e+06 -1.407e+08 -4.982e+06 -7.515e+05  -5.92e+05 -2.733e+06  -1.52e+05 -5.436e+05  3.617e+04 -4.374e+05 -1.386e+05 -5.636e+05  3.595e+04  4.909e+04 -9.702e+06 -2.458e+06  -9.59e+05 -4.179e+05 -5.348e+04 -1.446e+06  -3.77e+05 -1.208e+06 -2.781e+05 -6.003e+05 -3.608e+05 -1.824e+05 -2.492e+04 -3.342e+05 -4.392e+04  2.209e+05 -1.306e+06 -1.167e+06 -2.585e+05 -4.062e+05 -3.043e+06  5.685e+04 -1.461e+04 -1.116e+06 -1.081e+06  1.433e+05  -5.54e+05  2.453e+04  4.498e+05 -5.364e+05 -1.419e+05 -1.346e+06 -4.081e+05 -4.837e+04 -3.195e+05  -1.04e+05 -6.443e+05  1.983e+05  4.134e+05 -9.278e+04 -3.679e+05  -1.24e+05  2.344e+05 -4.357e+05  8.306e+05 -6.914e+05 -6.874e+04 -5.792e+05 -1.181e+06 -3.647e+04       1815 -1.266e+06 -9.317e+05 -1.723e+05 -3.338e+05  2.839e+05 -1.768e+05  -1.97e+05 -2.756e+04  3.406e+05  3.729e+05 -9.794e+05 -4.618e+05 -2.007e+05 -6.767e+04 -1.773e+05
 -9.208e+05 -8.607e+05 -5.786e+05 -1.757e+05 -1.916e+05 -4.919e+05 -4.195e+05 -6.485e+05 -4.982e+06  -5.62e+07 -1.608e+06 -1.906e+06 -2.236e+05  2.073e+04 -2.395e+05 -2.581e+05  4.732e+05  -1.12e+05 -9.531e+04 -1.685e+05 -3.255e+05 -1.914e+06 -1.899e+06 -6.204e+05 -1.784e+05 -3.137e+05 -1.398e+06 -2.942e+05 -7.621e+05  2.094e+04 -7.383e+05 -3.289e+05 -2.637e+05 -2.609e+04 -3.029e+04  2.304e+05  2.075e+05 -8.113e+05 -4.618e+05 -1.351e+05 -2.279e+04 -8.879e+05 -3.987e+05  1.313e+05      -6679 -7.264e+04      -8093 -3.158e+05  2.517e+04  1.496e+05   -3.5e+05 -1.345e+05 -1.269e+06 -3.604e+05  -8.09e+04  -1.62e+05      -3096 -1.177e+05 -1.152e+05  1.601e+05 -3.661e+05   -2.3e+04 -2.564e+05 -2.009e+05  -4.97e+05  1.381e+05 -3.143e+05       6142  -4.65e+05 -6.758e+04  1.283e+05  1.811e+05 -4.684e+05 -1.366e+05 -6.358e+05  4.633e+04  6.698e+04 -7.602e+05 -1.717e+04  -2.47e+05 -4.819e+05   2.59e+05 -2.635e+05  -2.19e+05 -7.832e+04   -2.3e+05 -1.573e+05
 -1.417e+05  -1.83e+05 -1.527e+05       2279      558.7  3.028e+05  5.957e+04 -2.015e+05 -7.515e+05 -1.608e+06 -1.353e+07  1.052e+05  -4.12e+05 -1.815e+05  3.391e+04   1.42e+05 -4.587e+04  5.957e+04  1.725e+04  -1.49e+05 -2.527e+05 -1.339e+06 -2.353e+05 -3.084e+05 -2.967e+04 -1.397e+05 -4.191e+05      853.3 -2.244e+05  5.231e+04 -2.778e+05 -4.171e+04 -1.608e+04  8.234e+04 -1.019e+05  1.813e+05 -7.173e+04 -2.757e+05 -2.412e+05 -7.436e+04  2.558e+04 -7.893e+04 -2.965e+04  5.309e+04 -3.243e+05 -4.489e+04 -3.036e+04 -2.901e+05  2.733e+04 -2.073e+05 -7.078e+04 -9.968e+04 -2.818e+05 -5.556e+05  5.174e+04 -2.734e+04  6.136e+04 -1.416e+05  -1.99e+05       1320  -9.07e+04 -2.257e+05 -1.086e+05 -5.159e+04  -9.07e+05  7.089e+04  6.273e+04 -5.123e+04       4899 -4.032e+04 -2.192e+04  1.434e+05  1.324e+05  6.851e+04  1.915e+05  7.497e+04  -1.56e+05 -1.674e+05  6.273e+04 -5.124e+04  6.849e+04   1.13e+05 -1.985e+05      -6273  5.577e+04 -8.186e+04  1.248e+05
 -5.948e+04 -3.285e+05 -2.034e+05  5.243e+04 -1.075e+05  1.922e+05 -9.381e+04 -4.159e+04  -5.92e+05 -1.906e+06  1.052e+05 -1.488e+07 -1.442e+05  1.086e+04  -1.39e+05 -7.023e+04  1.775e+04  3.398e+04 -1.353e+05 -1.771e+05 -3.346e+05 -5.833e+05 -4.134e+05 -1.171e+05 -3.897e+04      -9208 -3.683e+05  2.292e+04 -2.071e+05  2.888e+04 -2.502e+05 -6.552e+04  2.345e+04  1.032e+04   -9.7e+04  1.648e+05 -2.207e+05 -1.473e+05      -2281  1.047e+05  1.456e+05 -1.073e+05 -1.163e+05 -1.365e+04  7.922e+04  1.814e+05   1.42e+05  1.085e+05 -2.829e+05  -1.09e+05       9575   1.89e+04 -6.222e+05  5.724e+04  1.542e+05  1.189e+05  9.594e+04  9.488e+04 -4.294e+04  1.471e+05 -8.055e+04 -2.438e+04 -5.871e+04  6.688e+04       9130  1.575e+05 -3.099e+04  1.188e+05  4.497e+04     -441.5  1.692e+05  1.408e+05  1.389e+05  7.478e+04   1.21e+05  1.776e+05  2.165e+05 -3.034e+05  8.771e+04  4.568e+04   6.45e+04  1.281e+05 -6.963e+04  1.035e+04   9.31e+04  8.177e+04  8.783e+04
 -4.357e+05 -4.509e+05 -6.346e+05 -1.605e+05 -1.182e+05 -1.514e+05 -4.668e+04 -6.811e+05 -2.733e+06 -2.236e+05  -4.12e+05 -1.442e+05 -2.134e+07 -1.071e+05  -1.04e+06 -2.603e+05 -8.636e+05 -7.297e+05 -3.575e+05 -7.649e+05 -3.178e+05 -1.486e+06 -8.042e+05 -3.156e+05 -7.852e+04 -3.201e+04 -6.232e+05     -1.805 -6.567e+05 -7.993e+04 -3.775e+05 -1.408e+05 -1.316e+05  -2.94e+04  -2.85e+04 -1.273e+05  1.338e+05 -4.827e+05 -2.835e+05  -3.95e+05  2.521e+05  3.872e+04  1.017e+05 -1.537e+05   -8.5e+05 -1.059e+04   7.05e+04 -9.757e+04  8.307e+04 -3.462e+04  -1.18e+05 -1.231e+05 -8.625e+05 -2.712e+05   4.35e+04 -5.838e+04  6.492e+04 -3.374e+04 -2.704e+05 -7.199e+04  4.902e+04  -1.53e+05  7.374e+04  1.612e+04 -6.637e+04  1.561e+05 -1.477e+05 -1.063e+05   1.98e+04      -2144   1.06e+05 -1.531e+04 -1.884e+05      369.3 -9.572e+04  -7.68e+05 -5.149e+04 -7.253e+05 -1.587e+05 -1.415e+05 -1.221e+05 -4.106e+04 -3.471e+04 -1.404e+05      -6029  1.482e+04  8.197e+04
  3.358e+04  1.103e+04  5.287e+04  4.912e+04  6.278e+04  2.576e+05  6.335e+04 -2.344e+05  -1.52e+05  2.073e+04 -1.815e+05  1.086e+04 -1.071e+05 -2.657e+07   -1.1e+06 -8.905e+05 -1.223e+06 -2.173e+05 -4.087e+05 -6.181e+05 -5.809e+05 -4.156e+05  -1.07e+05  1.766e+05 -6.824e+04   2.01e+05 -1.653e+05  9.214e+04 -1.059e+05  7.453e+04  6.608e+04 -8.855e+04  1.703e+05 -5.868e+04  9.365e+04      -9919  9.436e+04  1.832e+04      -6298  2.222e+05   2.18e+04 -1.174e+05 -1.233e+05 -3.561e+04 -4.452e+05  8.505e+04       9579    6.9e+04 -4.836e+05  2.428e+05 -4.979e+04      -6294   2.35e+05 -1.533e+05  1.951e+05  1.926e+05  1.661e+05  1.934e+05 -2.176e+05   9.76e+04  2.341e+05 -1.953e+05  2.517e+05  1.744e+05 -1.275e+04  -1.24e+05  1.684e+05  7.391e+04  6.422e+04 -1.166e+05  2.068e+05  1.419e+05  2.361e+05  3.564e+04  3.154e+05  7.245e+04 -7.533e+04  1.567e+05  1.027e+05  2.546e+05   9.88e+04  2.603e+05  1.635e+05   1.83e+05  1.387e+05  3.042e+04  1.234e+05
 -2.618e+05   -1.4e+05 -1.238e+05 -7.065e+04  1.343e+04  8.689e+04 -4.309e+05 -4.396e+05 -5.436e+05 -2.395e+05  3.391e+04  -1.39e+05  -1.04e+06   -1.1e+06 -4.662e+07 -1.294e+06 -3.972e+06 -1.586e+06 -2.075e+06 -1.542e+06  -1.43e+06  -7.56e+05  -1.75e+05  2.155e+04  4.948e+04  1.101e+05 -2.518e+05  6.631e+04 -5.249e+05       9956 -8.928e+04 -5.436e+04 -2.767e+05 -1.289e+05  1.911e+04 -2.017e+05  1.573e+05 -1.265e+05 -2.935e+05 -8.448e+04 -5.008e+04 -5.425e+05   3.81e+04      -9485  9.464e+04  1.666e+04  7.966e+04   2.76e+05 -2.395e+05      -2345 -2.771e+04   1.98e+04 -4.996e+05  6.604e+04  2.342e+05  9.203e+04 -2.206e+04  2.755e+05  4.932e+05  1.265e+05  1.718e+05  9.042e+04  1.054e+05  2.177e+05  5.093e+05  4.198e+05  6.634e+04 -2.005e+04 -1.451e+05 -2.481e+05  8.422e+04  1.027e+05  3.305e+05  1.725e+05 -1.971e+05  1.861e+05 -2.854e+05 -1.639e+05 -1.862e+05 -8.169e+04  1.183e+05  4.706e+05  2.797e+05 -1.267e+04  2.333e+05 -4.338e+04  1.214e+05
 -4.654e+04  1.013e+05  1.916e+05  1.451e+05  3.042e+05 -2.558e+05 -2.208e+05  9.972e+04  3.617e+04 -2.581e+05   1.42e+05 -7.023e+04 -2.603e+05 -8.905e+05 -1.294e+06  -3.43e+07 -4.004e+06 -1.525e+06 -1.677e+06 -1.719e+06 -1.549e+06 -6.958e+05  1.845e+05  1.058e+05  1.155e+05  2.078e+05  9.666e+04  2.474e+05  3.681e+04  -1.59e+05  1.298e+05 -9.204e+04  8.493e+04   5.66e+04 -4.669e+04 -1.275e+05 -1.239e+05  2.565e+05  1.287e+05  2.928e+05  2.452e+05 -4.743e+04      -3273   1.29e+05  -2.23e+04  -1.38e+05  1.293e+05  1.227e+05  1.192e+04 -2.386e+05 -3.379e+04  1.268e+05 -2.073e+04  1.916e+05  2.319e+05  3.416e+05  3.346e+05  4.309e+05  1.772e+05  3.005e+05  1.569e+05 -1.292e+05 -2.863e+05  2.228e+05 -1.832e+05  1.284e+05   3.06e+05  1.449e+05  3.085e+05  3.288e+05  3.631e+05  1.592e+05  3.503e+05   4.14e+05  3.118e+05  5.637e+05  2.515e+05 -1.685e+04  3.555e+05  3.555e+05  2.054e+05  5.863e+05  7.271e+04   2.17e+05  2.143e+05  1.459e+05  2.697e+05
 -1.676e+05 -4.476e+05 -3.341e+04 -6.033e+04 -3.858e+05  3.184e+05 -9.633e+04 -1.387e+06 -4.374e+05  4.732e+05 -4.587e+04  1.775e+04 -8.636e+05 -1.223e+06 -3.972e+06 -4.004e+06 -2.136e+08 -3.145e+06 -6.731e+06 -2.327e+06 -1.523e+06 -1.744e+06  2.345e+05  3.003e+05      -5995  -5.51e+04 -6.863e+05  1.984e+05 -1.837e+05 -1.849e+05   4.81e+05       1233 -1.806e+05 -3.581e+05  2.331e+05 -1.845e+05 -2.746e+04 -2.631e+05  2.741e+05 -2.501e+05  3.451e+05  5.268e+05  5.156e+05   4.75e+05 -5.617e+04 -1.406e+05 -4.091e+05 -5.534e+05  1.331e+05  6.122e+05  4.009e+04      -1869  4.753e+05  6.842e+04  2.716e+05  2.002e+05 -4.028e+04  2.146e+05 -4.902e+05   2.61e+05 -4.121e+04 -6.064e+05  3.403e+04  7.634e+05 -7.535e+05 -3.111e+05  4.091e+05  2.469e+05 -4.046e+04 -2.155e+05  2.495e+05  1.598e+05  7.348e+05  5.538e+04   1.49e+05 -1.845e+05   7.22e+05  9.586e+04  -9.88e+04 -2.672e+05  6.485e+05   1.58e+05 -2.896e+05  3.495e+05  1.351e+05 -6.244e+04  5.835e+04
  9.755e+04 -1.722e+05   9.65e+04  1.547e+05  6.017e+04 -1.298e+05 -2.395e+05  1.602e+05 -1.386e+05  -1.12e+05  5.957e+04  3.398e+04 -7.297e+05 -2.173e+05 -1.586e+06 -1.525e+06 -3.145e+06 -3.491e+07 -1.976e+06 -1.839e+06 -1.508e+06 -1.068e+06 -1.005e+05  5.801e+04  1.361e+05   -1.7e+04 -2.383e+04   2.47e+05  1.196e+05     -528.9 -2.184e+05 -3.852e+05 -1.899e+05 -2.397e+05  3.117e+04 -3.826e+05 -1.698e+05  9.131e+04  5.377e+04  1.902e+05 -2.636e+05  3.022e+05 -5.954e+05  5.202e+04 -8.723e+04 -5.839e+04 -2.095e+05  4.369e+04  9.859e+04  1.512e+05 -1.971e+05  7.237e+04  2.241e+05  9.919e+04  2.349e+05  2.194e+05  1.413e+05  3.213e+05  3.235e+05  1.648e+05   3.05e+05 -7.556e+04 -1.638e+05  9.054e+04 -1.057e+06  2.253e+05  1.825e+05 -6.467e+04  5.733e+04  4.897e+04  4.907e+04  1.447e+05  2.686e+05  1.155e+05 -1.258e+05 -3.011e+05  2.086e+05 -7.546e+05 -6.735e+05  1.449e+05  2.447e+05 -5.026e+04 -1.334e+05  1.404e+05  2.572e+05  6.782e+04  5.783e+04
  1.714e+05  4.162e+04  1.026e+05  1.829e+05  9.941e+04  2.646e+05      420.1 -3.801e+05 -5.636e+05 -9.531e+04  1.725e+04 -1.353e+05 -3.575e+05 -4.087e+05 -2.075e+06 -1.677e+06 -6.731e+06 -1.976e+06 -6.198e+07 -1.864e+06 -1.436e+06 -5.116e+05 -1.497e+05  9.803e+04   7.09e+04  1.329e+05 -2.521e+05  1.677e+05 -1.256e+05  -9.32e+04 -1.089e+05 -8.504e+04  1.201e+05 -5.454e+04 -1.375e+05  1.168e+05  -1.15e+05  1.323e+05  5.555e+04  6.675e+04 -2.247e+05 -3.477e+05  1.802e+05  8.547e+04 -1.958e+05 -3.586e+05  3.907e+04  1.031e+05 -2.786e+05  2.284e+05 -5.408e+04      -4464   4.61e+04  1.183e+05  3.114e+05  1.699e+05   2.54e+05  2.555e+05 -5.551e+05  1.543e+05  1.138e+05 -2.559e+05  4.615e+05  2.462e+05 -5.195e+05  2.075e+05  1.479e+05  2.984e+05  1.514e+05 -2.406e+05  2.414e+05  3.031e+05  2.927e+05 -1.071e+05 -2.824e+05 -6.556e+05  6.068e+05  8.061e+04 -3.139e+05  3.219e+05 -9.048e+05  1.607e+05  1.226e+05   1.84e+05  2.325e+05 -2.326e+04  5.173e+04
   1.57e+05      -2404  1.438e+05  -1.35e+05  1.948e+04  2.332e+05 -7.049e+05   2.74e+05  3.595e+04 -1.685e+05  -1.49e+05 -1.771e+05 -7.649e+05 -6.181e+05 -1.542e+06 -1.719e+06 -2.327e+06 -1.839e+06 -1.864e+06  -7.03e+07 -2.814e+06 -9.144e+05  2.059e+04 -1.925e+04  1.867e+04  1.775e+05  4.133e+05  2.236e+05  3.657e+05  1.284e+05  4.059e+05 -2.799e+05  4.873e+05 -1.642e+05 -4.258e+04 -2.555e+04 -5.609e+05  1.369e+05 -3.383e+04  5.026e+05  1.711e+05 -7.847e+04  -7.58e+04 -5.364e+04  2.916e+04  -4.09e+04      -1122   1.38e+04 -2.145e+04 -1.404e+05  1.863e+05 -1.215e+05  5.232e+05 -3.119e+05  9.046e+04  3.105e+05  1.729e+05  1.512e+05 -6.386e+05 -4.157e+05  2.356e+04 -3.882e+05 -2.213e+05 -3.062e+05 -7.547e+05 -7.209e+05  3.134e+05  1.713e+05 -8.992e+04  3.796e+05  3.263e+05   1.09e+05   3.17e+05  6.253e+04 -2.361e+05 -5.894e+05 -4.925e+04  2.271e+04 -9.314e+04  4.302e+05  5.635e+05  2.772e+05 -5.858e+04  1.498e+05  1.194e+05 -7.614e+04      -9070
  5.343e+05  3.206e+05  3.096e+05  3.042e+05  1.506e+05  9.813e+04 -2.309e+05  4.113e+05  4.909e+04 -3.255e+05 -2.527e+05 -3.346e+05 -3.178e+05 -5.809e+05  -1.43e+06 -1.549e+06 -1.523e+06 -1.508e+06 -1.436e+06 -2.814e+06  -6.92e+07  2.743e+05  3.364e+04  2.869e+05  2.186e+05  1.858e+05  1.927e+04   7.08e+04  1.792e+05  6.915e+04  1.871e+05  1.046e+05  3.222e+05 -3.227e+04 -2.069e+05 -1.053e+05 -8.732e+05  7.346e+04 -1.789e+05 -1.896e+04 -7.713e+05 -1.387e+05 -4.275e+05  1.175e+05  9.021e+04  3.224e+05 -3.316e+05  -3.12e+04 -7.305e+05  5.072e+04  -2.43e+05 -3.638e+05  4.623e+04 -4.558e+05  1.696e+05  3.234e+05  1.182e+05  3.469e+05  4.609e+05  2.911e+05  6.224e+04 -3.943e+04 -5.736e+05 -6.005e+05 -6.982e+05 -5.724e+05  2.796e+05  3.926e+05  4.565e+05  4.207e+05  2.712e+05  2.897e+05    1.2e+05  2.122e+05  6.055e+05  2.981e+05  5.455e+05  -6.58e+04 -1.082e+05  8.574e+04  4.107e+05  -1.07e+05 -1.307e+06  1.676e+05  3.732e+05  8.942e+04  1.137e+05
 -9.224e+05 -1.251e+06 -7.496e+05 -4.748e+05   -6.9e+05 -2.233e+05 -1.956e+05 -5.292e+06 -9.702e+06 -1.914e+06 -1.339e+06 -5.833e+05 -1.486e+06 -4.156e+05  -7.56e+05 -6.958e+05 -1.744e+06 -1.068e+06 -5.116e+05 -9.144e+05  2.743e+05  -2.98e+08 -9.604e+06 -1.562e+06 -3.459e+05 -6.206e+05 -3.246e+06 -2.043e+05 -1.396e+06 -3.045e+05 -1.742e+06 -6.346e+05 -5.251e+05      -3916  1.364e+05 -3.853e+05  5.642e+05 -3.746e+06 -9.194e+05 -2.941e+05 -3.059e+05 -1.429e+06  7.789e+04  2.761e+05  -4.07e+05  2.236e+05  3.544e+04 -2.711e+05  1.146e+05  3.111e+05 -1.808e+04 -1.552e+05 -4.282e+06 -1.094e+06 -3.188e+05 -9.502e+05 -2.162e+05 -3.291e+05 -1.582e+06  8.207e+04 -4.254e+04  -8.19e+05  2.258e+05  1.278e+05  2.721e+05   3.04e+05  -9.63e+05       8931  -6.75e+05 -8.045e+05  4.647e+05  7.284e+04 -1.063e+06 -2.198e+05   5.13e+05  -2.24e+05  4.162e+05 -2.749e+05  -1.57e+05  5.173e+05  1.212e+05  6.515e+05 -1.185e+06 -8.716e+05  -1.35e+05 -1.157e+05  3.492e+04
 -7.408e+05 -1.229e+06 -6.309e+05 -4.311e+05 -4.513e+05 -1.504e+04 -3.266e+05 -1.453e+06 -2.458e+06 -1.899e+06 -2.353e+05 -4.134e+05 -8.042e+05  -1.07e+05  -1.75e+05  1.845e+05  2.345e+05 -1.005e+05 -1.497e+05  2.059e+04  3.364e+04 -9.604e+06 -6.092e+07 -1.457e+06 -1.854e+05 -2.032e+05 -3.713e+06 -1.516e+05 -1.472e+06 -4.377e+04 -9.174e+05 -2.327e+05 -5.063e+05 -1.629e+05 -7.811e+04 -1.261e+05  -7.68e+04 -3.592e+05 -3.352e+05 -6.704e+05  -4.34e+05 -3.625e+05  1.705e+05 -7.447e+04  -9.83e+04  1.962e+04 -1.034e+05  3.482e+04 -5.168e+05  7.211e+04 -2.264e+05 -1.729e+05  -2.46e+06 -8.846e+05 -8.681e+04 -2.456e+05  9.731e+04 -4.369e+04 -6.157e+05 -4.539e+04   1.63e+05 -2.107e+05 -2.881e+05 -1.539e+05 -1.435e+05  6.917e+05 -4.457e+05  7.999e+04 -4.074e+05 -1.553e+05 -1.485e+04  2.469e+05 -4.018e+05  2.243e+05 -3.499e+05  -3.41e+05 -1.416e+05 -9.755e+05 -1.572e+04 -1.389e+05  2.448e+05  6.461e+04  4.821e+05 -4.046e+05 -2.455e+05 -4.502e+04 -2.128e+04
 -2.231e+05 -4.775e+05  -4.21e+05       3776 -1.077e+05  1.776e+05 -4.418e+05 -8.388e+05  -9.59e+05 -6.204e+05 -3.084e+05 -1.171e+05 -3.156e+05  1.766e+05  2.155e+04  1.058e+05  3.003e+05  5.801e+04  9.803e+04 -1.925e+04  2.869e+05 -1.562e+06 -1.457e+06 -2.686e+07 -9.068e+05 -9.384e+05 -4.759e+05 -1.056e+05 -2.525e+05 -1.297e+05  -2.85e+05 -1.246e+05 -2.701e+05  8.658e+04 -2.873e+05  5.947e+04  1.546e+05 -4.189e+05 -1.234e+05 -2.345e+05  1.361e+04 -2.451e+05   5.55e+04 -1.334e+05 -2.408e+05  1.406e+05   3.38e+04  2.713e+04  9.407e+04  1.652e+05  -8.41e+04  1.619e+04 -8.223e+05 -4.793e+05  3.871e+04 -1.939e+05 -3.566e+04 -6.676e+04      -8443 -6.463e+04  1.922e+05 -6.842e+04  4.516e+04  1.157e+05  3.055e+05   2.22e+04 -4.826e+04  1.557e+05 -1.216e+05  1.293e+05  9.531e+04   7.78e+04 -1.113e+05 -1.467e+05 -5.775e+04 -2.739e+05 -1.002e+05 -2.113e+05  7.097e+04  1.234e+05 -5.168e+05  2.886e+05 -1.134e+04 -1.471e+05 -5.358e+04       2951       5290
 -8.535e+04 -1.783e+05 -7.277e+04 -4.069e+04 -8.467e+04  6.797e+04  9.588e+04 -2.665e+05 -4.179e+05 -1.784e+05 -2.967e+04 -3.897e+04 -7.852e+04 -6.824e+04  4.948e+04  1.155e+05      -5995  1.361e+05   7.09e+04  1.867e+04  2.186e+05 -3.459e+05 -1.854e+05 -9.068e+05 -1.551e+07  -1.63e+05 -2.597e+05       7373 -1.373e+05      -6015  -1.68e+05 -3.402e+04 -2.203e+04  5.696e+04 -1.614e+05  7.309e+04   6.89e+04 -1.227e+05 -2.521e+05 -4.139e+04  1.661e+05 -3.512e+04 -5.802e+04  3.639e+04 -1.259e+05 -5.262e+04 -9.212e+04 -2.423e+04  -4.48e+04  1.138e+05 -9.912e+04       1441 -5.722e+05 -1.555e+05  1.062e+05  1.896e+04 -4.002e+04  -9.62e+04  9.488e+04 -1.947e+05  5.225e+04  2.881e+04 -1.531e+05 -7.254e+04   -1.2e+05  1.857e+05 -3.834e+04  1.028e+05     -998.5      -3380  1.254e+05      -2679 -1.119e+05 -1.434e+05 -1.928e+05 -1.667e+05 -1.415e+05 -1.801e+05 -2.147e+05 -1.597e+05  -2.48e+05 -1.971e+05 -1.471e+05       9673  5.763e+04  1.021e+04  -1.44e+04
  -2.14e+05 -1.407e+05  6.253e+04 -1.739e+04 -4.272e+04  1.232e+04 -5.095e+04  4.209e+04 -5.348e+04 -3.137e+05 -1.397e+05      -9208 -3.201e+04   2.01e+05  1.101e+05  2.078e+05  -5.51e+04   -1.7e+04  1.329e+05  1.775e+05  1.858e+05 -6.206e+05 -2.032e+05 -9.384e+05  -1.63e+05 -1.488e+07 -3.285e+05 -7.568e+04  -1.53e+05     -71.01 -1.207e+05  8.793e+04 -6.551e+04  5.332e+04 -4.906e+04  4.069e+04  2.756e+04 -2.214e+04 -1.542e+04 -3.788e+04 -8.628e+04  3.083e+05  4.578e+04  -2.87e+05 -1.792e+04 -1.338e+05  7.255e+04   1.19e+05  9.293e+04 -5.172e+04      -1666  2.737e+04 -4.729e+05  2.508e+04  1.259e+05  4.421e+04  6.018e+04 -1.006e+05  5.728e+04  6.226e+04 -4.406e+04 -5.121e+04  1.762e+04  7.491e+04 -1.331e+05 -1.482e+05  3.627e+04  7.952e+04  1.293e+05   -1.2e+05 -3.725e+04  6.174e+04 -1.334e+05 -7.019e+04  1.206e+05  1.556e+04 -1.056e+04 -3.717e+05 -1.017e+05  8.246e+04  7.682e+04  1.843e+05 -3.189e+04  5.026e+04  4.987e+04  8.196e+04  1.438e+05
 -8.726e+05 -6.097e+05 -2.504e+05 -1.586e+05  -3.41e+05  1.609e+05 -4.623e+05 -5.651e+05 -1.446e+06 -1.398e+06 -4.191e+05 -3.683e+05 -6.232e+05 -1.653e+05 -2.518e+05  9.666e+04 -6.863e+05 -2.383e+04 -2.521e+05  4.133e+05  1.927e+04 -3.246e+06 -3.713e+06 -4.759e+05 -2.597e+05 -3.285e+05 -5.516e+07 -3.201e+05 -6.952e+06      -6622 -3.934e+06 -1.478e+05 -4.737e+05 -3.579e+05 -2.423e+05  9.888e+04 -7.834e+04 -6.681e+05  -3.49e+05  -8.59e+04 -2.178e+05       7734  2.945e+05  1.167e+05  -9.57e+05  3.951e+04  8.032e+04 -2.298e+05 -1.429e+05 -7.662e+05 -1.041e+05 -2.764e+04 -1.977e+06 -5.608e+05 -1.745e+04 -1.339e+05  7.613e+04 -2.573e+05 -1.168e+06  -2.83e+04 -1.527e+04  1.592e+05  9.802e+04  2.662e+05  2.985e+04  4.917e+05 -2.586e+05       7619 -3.034e+05  1.445e+05 -7.518e+04  1.077e+05 -5.244e+04  -1.61e+04  2.701e+05  1.588e+05  1.705e+04   1.19e+05 -1.503e+05 -2.905e+05  8.949e+04  -3.74e+05  3.069e+05 -2.134e+05 -7.991e+04 -6.285e+04 -9.836e+04
 -1.803e+05 -1.268e+05 -3.525e+04   1.47e+05  7.798e+04  2.002e+05  7.482e+04 -6.341e+04  -3.77e+05 -2.942e+05      853.3  2.292e+04     -1.805  9.214e+04  6.631e+04  2.474e+05  1.984e+05   2.47e+05  1.677e+05  2.236e+05   7.08e+04 -2.043e+05 -1.516e+05 -1.056e+05       7373 -7.568e+04 -3.201e+05 -6.212e+06   1.24e+04  4.693e+04  3.693e+04 -2.732e+04       7216  1.096e+05  3.657e+04  1.213e+05  1.926e+05 -1.667e+04  -9.37e+04 -2.523e+04  1.411e+05 -6.453e+04  9.178e+04  7.148e+04 -2.135e+05   7.62e+04  7.869e+04  1.225e+05  6.091e+04  1.529e+05  2.422e+04  7.378e+04  -3.25e+05 -9.527e+04  8.475e+04       8629  7.904e+04      -2535  1.038e+05      -4260  9.142e+04  1.441e+05  5.397e+04  2.162e+04  3.769e+04  4.004e+05 -1.858e+04  1.154e+05 -4.486e+04  1.235e+05    4.3e+04  3.782e+04  1.416e+04  1.266e+04  5.363e+04  2.351e+05 -8.235e+04 -9.486e+04 -8.561e+04  1.649e+04  1.464e+04  1.132e+05  1.536e+04  3.026e+04  6.469e+04  4.255e+04  8.121e+04
 -5.347e+05 -3.786e+05 -4.359e+05 -5.828e+04 -1.373e+05  -3.66e+05  1.617e+04 -8.927e+05 -1.208e+06 -7.621e+05 -2.244e+05 -2.071e+05 -6.567e+05 -1.059e+05 -5.249e+05  3.681e+04 -1.837e+05  1.196e+05 -1.256e+05  3.657e+05  1.792e+05 -1.396e+06 -1.472e+06 -2.525e+05 -1.373e+05  -1.53e+05 -6.952e+06   1.24e+04 -3.612e+07 -2.403e+05 -1.477e+07 -3.778e+05 -1.299e+06 -2.755e+05 -4.878e+05 -1.892e+05 -2.245e+05 -5.702e+05 -3.216e+05 -1.204e+04 -1.058e+04   1.17e+05  2.096e+05  7.085e+04 -2.902e+05 -5.826e+04  7.197e+04  1.088e+05 -1.042e+05  1.812e+05 -1.421e+05 -1.201e+05 -1.004e+06 -5.028e+05  6.339e+04 -1.613e+05  9.974e+04 -3.081e+04 -3.111e+04       7330 -1.496e+05  1.152e+05  5.146e+04  4.525e+04  3.477e+05  2.486e+05 -1.176e+05 -9.415e+04 -2.516e+05 -2.422e+05  1.415e+05       7737 -1.991e+05  2.507e+04  2.411e+05 -5.118e+05     -3e+05 -2.398e+05 -3.107e+05  9.173e+04  4.216e+04  1.051e+04  4.326e+05 -1.811e+05 -1.086e+04       2494 -5.142e+04
 -1.272e+05 -5.524e+04       3482  1.416e+05 -5.517e+04  1.593e+05 -4.906e+04  3.862e+04 -2.781e+05  2.094e+04  5.231e+04  2.888e+04 -7.993e+04  7.453e+04       9956  -1.59e+05 -1.849e+05     -528.9  -9.32e+04  1.284e+05  6.915e+04 -3.045e+05 -4.377e+04 -1.297e+05      -6015     -71.01      -6622  4.693e+04 -2.403e+05 -1.233e+07 -1.288e+06 -1.991e+05 -2.138e+05 -9.244e+04 -2.403e+05  -3.12e+05 -1.948e+05  4.147e+04       8575  2.058e+04  5.783e+04 -6.772e+04  2.651e+04 -2.724e+04  1.255e+04  6.968e+04  3.181e+04  3.871e+04  4.771e+04  1.345e+05 -9.089e+04  1.185e+05  3.264e+04  6.778e+04  1.189e+05  9.263e+04  1.158e+05  6.212e+04 -2.288e+05       2812  4.448e+04 -2.123e+05  1.264e+05   8.34e+04 -2.883e+05   1.66e+05  9.666e+04  1.371e+05  1.075e+05  8.031e+04  8.039e+04  1.029e+05      -1303 -5.874e+04  -3.77e+04  1.499e+04 -3.977e+04   8.44e+04 -3.609e+04   1.44e+04  1.051e+05  2.912e+05  1.426e+05  6.077e+04  1.064e+05   1.11e+05  1.457e+04
 -1.845e+05  -7.97e+05 -4.346e+05 -2.105e+05 -2.285e+05 -2.147e+04      -5487 -4.985e+05 -6.003e+05 -7.383e+05 -2.778e+05 -2.502e+05 -3.775e+05  6.608e+04 -8.928e+04  1.298e+05   4.81e+05 -2.184e+05 -1.089e+05  4.059e+05  1.871e+05 -1.742e+06 -9.174e+05  -2.85e+05  -1.68e+05 -1.207e+05 -3.934e+06  3.693e+04 -1.477e+07 -1.288e+06 -1.026e+08 -1.548e+06 -3.525e+06 -5.093e+05 -7.009e+05 -3.768e+05 -1.379e+06 -3.472e+05 -3.591e+05       4977 -9.208e+04 -5.334e+04 -2.226e+05   -5.2e+04 -6.034e+05 -7.371e+04 -1.347e+05 -3.758e+05 -3.988e+05  2.406e+05  1.765e+05  -2.11e+05 -4.518e+05 -6.313e+04  7.738e+04      -3742  1.163e+05       3474 -6.856e+05  1.466e+05  1.974e+05  2.513e+05  3.873e+05  3.698e+05  3.813e+05  4.592e+05 -1.769e+05  1.682e+05 -3.969e+05 -5.999e+04  3.135e+05   3.17e+05 -1.788e+05 -1.662e+05  4.344e+05    4.4e+05 -3.795e+05 -3.225e+04 -7.322e+05  3.076e+05  2.816e+04  3.945e+05  2.781e+05   2.67e+04       9000  2.881e+05 -5.279e+04
  5.123e+04  7.732e+04 -1.696e+05       8051 -9.174e+04  3.692e+04      -8379 -1.352e+05 -3.608e+05 -3.289e+05 -4.171e+04 -6.552e+04 -1.408e+05 -8.855e+04 -5.436e+04 -9.204e+04       1233 -3.852e+05 -8.504e+04 -2.799e+05  1.046e+05 -6.346e+05 -2.327e+05 -1.246e+05 -3.402e+04  8.793e+04 -1.478e+05 -2.732e+04 -3.778e+05 -1.991e+05 -1.548e+06 -1.724e+07 -4.356e+05 -2.194e+05 -2.024e+05 -5.366e+05  -4.81e+05 -2.042e+05  9.557e+04 -2.318e+05 -2.043e+05 -1.987e+04 -1.721e+05  3.841e+04 -7.286e+04 -2.374e+04 -7.338e+04  1.275e+04 -1.139e+05  1.724e+05 -9.806e+04 -7.732e+04 -3.111e+05 -5.138e+04  9.302e+04  9.088e+04  1.688e+05 -1.094e+04   1.41e+05      -5388 -8.678e+04  1.257e+05  1.054e+05       1727 -7.052e+05  2.632e+05  2.437e+04  9.901e+04  6.653e+04   1.06e+04  5.168e+04 -2.193e+04  1.803e+05  1.921e+05 -4.172e+04 -1.545e+05      -4562 -2.823e+05 -4.505e+05       4174  2.755e+04  1.963e+05  2.487e+05  4.181e+04  7.895e+04   1.47e+04  1.657e+05
 -2.039e+05  1.723e+05 -1.455e+05   5.69e+04 -1.395e+05  2.714e+05 -1.249e+05 -2.895e+04 -1.824e+05 -2.637e+05 -1.608e+04  2.345e+04 -1.316e+05  1.703e+05 -2.767e+05  8.493e+04 -1.806e+05 -1.899e+05  1.201e+05  4.873e+05  3.222e+05 -5.251e+05 -5.063e+05 -2.701e+05 -2.203e+04 -6.551e+04 -4.737e+05       7216 -1.299e+06 -2.138e+05 -3.525e+06 -4.356e+05 -3.549e+07 -5.654e+05 -1.424e+06 -4.787e+05 -5.885e+05      -9869  6.996e+04     -7e+04 -7.117e+04  -5.16e+05  2.241e+05  1.862e+05  1.431e+05  1.051e+05 -1.268e+05  3.292e+05  2.003e+05  -2.39e+05  1.888e+05 -1.444e+04  1.797e+05 -3.666e+05   1.38e+05   8.53e+04   6.47e+04  1.013e+05  2.312e+05  2.463e+05  3.808e+05  2.892e+05  3.631e+05  2.011e+05  1.991e+05  1.924e+05  1.935e+05  9.945e+04  1.213e+05  1.109e+05   8.93e+04  4.481e+04  2.424e+05  1.719e+05 -2.908e+05 -2.931e+05  4.185e+05   3.84e+05  2.025e+05  2.324e+05 -1.231e+05 -2.871e+05  5.366e+04  5.025e+04       1414  1.716e+05  1.535e+05
  1.537e+05 -1.162e+04  -1.12e+04  1.038e+05  2.102e+04  5.426e+04  1.287e+05  -6.05e+04 -2.492e+04 -2.609e+04  8.234e+04  1.032e+04  -2.94e+04 -5.868e+04 -1.289e+05   5.66e+04 -3.581e+05 -2.397e+05 -5.454e+04 -1.642e+05 -3.227e+04      -3916 -1.629e+05  8.658e+04  5.696e+04  5.332e+04 -3.579e+05  1.096e+05 -2.755e+05 -9.244e+04 -5.093e+05 -2.194e+05 -5.654e+05 -2.054e+07  -7.09e+05 -7.533e+05 -5.593e+05      -9719 -1.791e+04  7.766e+04   1.23e+05 -2.715e+05  1.185e+05  2.372e+05  1.298e+05  1.908e+05  6.017e+04 -5.326e+04  1.886e+05 -8.333e+04   6.59e+04  4.301e+04 -1.246e+05  5.538e+04  1.612e+05  1.713e+05   1.83e+05  1.321e+05 -3.823e+05  2.866e+05   1.26e+05  1.713e+05 -1.121e+04  9.993e+04 -1.579e+05 -1.974e+04  1.878e+05  1.158e+05  6.737e+04 -1.058e+05  1.504e+05  1.067e+05  3.246e+05  2.763e+05  2.347e+05       4733 -5.771e+04  4.118e+04  1.696e+05  6.964e+04  3.653e+05  5.754e+04  1.079e+04  1.742e+05  2.355e+05  2.322e+05  1.887e+05
  1.229e+05 -2.319e+04 -4.176e+04  1.757e+05  1.619e+04  1.202e+05  2.835e+05      -6128 -3.342e+05 -3.029e+04 -1.019e+05   -9.7e+04  -2.85e+04  9.365e+04  1.911e+04 -4.669e+04  2.331e+05  3.117e+04 -1.375e+05 -4.258e+04 -2.069e+05  1.364e+05 -7.811e+04 -2.873e+05 -1.614e+05 -4.906e+04 -2.423e+05  3.657e+04 -4.878e+05 -2.403e+05 -7.009e+05 -2.024e+05 -1.424e+06  -7.09e+05 -3.705e+07 -1.279e+06 -2.936e+06 -2.719e+05 -3.195e+05 -3.647e+05 -3.734e+04 -5.413e+05  -1.34e+05 -1.865e+04  1.685e+05  -1.18e+05 -1.583e+05 -3.945e+04 -3.417e+05  2.269e+05 -1.655e+04 -3.311e+04 -2.773e+05       2396  1.602e+05      -2016  1.843e+05  7.582e+04 -5.554e+05 -4.206e+05 -7.368e+04       1565   1.87e+05   -2.1e+04  -2.66e+05 -6.078e+05      -5585 -4.921e+04  2.497e+05   1.36e+05 -7.511e+04  9.356e+04  2.343e+05   1.03e+05  1.774e+05  3.318e+05  -4.97e+04 -1.159e+05 -2.442e+05 -2.305e+05 -3.231e+05  1.983e+05  2.457e+05  -3.63e+04  2.012e+05  6.039e+04  7.522e+04
  2.106e+05   2.71e+04   2.39e+05  9.129e+04  1.092e+05  2.632e+05 -1.687e+05 -6.292e+04 -4.392e+04  2.304e+05  1.813e+05  1.648e+05 -1.273e+05      -9919 -2.017e+05 -1.275e+05 -1.845e+05 -3.826e+05  1.168e+05 -2.555e+04 -1.053e+05 -3.853e+05 -1.261e+05  5.947e+04  7.309e+04  4.069e+04  9.888e+04  1.213e+05 -1.892e+05  -3.12e+05 -3.768e+05 -5.366e+05 -4.787e+05 -7.533e+05 -1.279e+06 -5.324e+07 -3.052e+06  2.911e+05  7.486e+04  2.605e+05 -4.424e+04  4.162e+05  3.235e+04 -4.968e+04 -1.798e+04   5.09e+05 -1.218e+05 -1.399e+05 -5.458e+05  1.194e+04 -1.694e+05  5.428e+04  2.579e+04 -1.154e+05  9.959e+04  2.028e+05  9.772e+04  2.126e+05 -6.972e+04 -9.057e+04 -1.037e+04  3.248e+05  -1.03e+05 -7.013e+04 -6.597e+05 -1.478e+06  2.924e+05  2.121e+05  2.086e+05  2.068e+05   1.65e+05  -2.53e+05  2.588e+04  4.688e+05   1.19e+05      -4685  1.346e+05 -2.156e+04 -7.732e+04  3.866e+05  3.265e+05  2.042e+05       2824  1.414e+05  2.712e+05  1.088e+05  1.885e+05
  5.235e+05   2.02e+05  2.045e+05 -8.117e+04  4.968e+04  1.876e+05 -6.625e+04  1.431e+05  2.209e+05  2.075e+05 -7.173e+04 -2.207e+05  1.338e+05  9.436e+04  1.573e+05 -1.239e+05 -2.746e+04 -1.698e+05  -1.15e+05 -5.609e+05 -8.732e+05  5.642e+05  -7.68e+04  1.546e+05   6.89e+04  2.756e+04 -7.834e+04  1.926e+05 -2.245e+05 -1.948e+05 -1.379e+06  -4.81e+05 -5.885e+05 -5.593e+05 -2.936e+06 -3.052e+06 -6.048e+07  3.021e+05 -8.613e+04  1.719e+05 -1.083e+05  3.489e+05  1.853e+05 -6.364e+05  3.841e+05 -7.293e+05 -1.677e+05  -1.51e+05 -6.606e+05 -3.125e+05  2.666e+05 -1.524e+05  -5.07e+04  2.783e+05      -3201  2.906e+05  2.137e+05  3.633e+05  1.954e+05  3.833e+04  2.536e+05 -1.381e+04 -1.129e+05 -4.692e+05  -5.75e+05 -4.785e+05  2.527e+05  2.254e+05  1.328e+05  2.546e+05  2.308e+05  4.156e+04  2.471e+05  3.189e+05  3.735e+05   7.69e+05 -1.658e+05 -7.158e+04  6.097e+05  3.234e+05  5.822e+05  4.616e+05 -3.776e+05  1.928e+05  3.851e+05  2.447e+05  2.182e+05
 -4.813e+05 -6.561e+05 -4.781e+05 -1.992e+05 -3.811e+05  1.619e+05  9.164e+04  -1.09e+06 -1.306e+06 -8.113e+05 -2.757e+05 -1.473e+05 -4.827e+05  1.832e+04 -1.265e+05  2.565e+05 -2.631e+05  9.131e+04  1.323e+05  1.369e+05  7.346e+04 -3.746e+06 -3.592e+05 -4.189e+05 -1.227e+05 -2.214e+04 -6.681e+05 -1.667e+04 -5.702e+05  4.147e+04 -3.472e+05 -2.042e+05      -9869      -9719 -2.719e+05  2.911e+05  3.021e+05 -2.164e+07 -1.289e+06 -1.431e+05  1.749e+05 -3.132e+05  1.443e+05  1.058e+05  -3.23e+05 -7.619e+04 -1.386e+05  2.121e+04 -6.551e+04 -5.871e+04 -7.412e+04  -1.62e+05 -6.603e+05 -7.084e+05 -1.288e+04 -2.323e+05      836.6 -2.174e+05  -3.57e+04  6.641e+04  1.342e+04  1.813e+04  5.392e+04  4.706e+04 -6.805e+04 -8.839e+04 -1.862e+05 -9.426e+04 -1.628e+05 -3.534e+05  4.834e+04  7.828e+04 -8.142e+04 -1.198e+05  1.731e+04  1.045e+05  1.903e+05  1.428e+05 -1.742e+05 -1.751e+05  5.154e+04  5.848e+05       5647 -1.911e+05 -1.447e+05   1.42e+04      -5529
