
 45

((((t45: 0.013843, (t5: 0.003333, t17: 0.003060): 0.011554): 0.007418, (((t2: 0.015534, t39: 0.015382): 0.003195, (t9: 0.008534, (t10: 0.006370, (t15: 0.006200, (t40: 0.003457, t19: 0.003300): 0.003324): 0.000860): 0.004430): 0.009848): 0.001216, (((t20: 0.014072, t38: 0.014055): 0.006926, (t37: 0.030821, (t42: 0.011410, (t34: 0.012189, (t27: 0.010921, (t36: 0.004962, t12: 0.003556): 0.005386): 0.005302): 0.000866): 0.004686): 0.003016): 0.003039, (((t26: 0.004809, (t31: 0.005580, t35: 0.004584): 0.000483): 0.004405, ((t11: 0.006428, (t7: 0.002829, t6: 0.002713): 0.003425): 0.003220, t21: 0.009297): 0.001651): 0.005879, t32: 0.014858): 0.009364): 0.000395): 0.002464): 0.004208, ((t4: 0.041284, (t3: 0.014422, ((t41: 0.006224, t25: 0.006590): 0.001032, (t1: 0.003424, (t13: 0.001090, t44: 0.000831): 0.003005): 0.003557): 0.008012): 0.022769): 0.001928, (t14: 0.013972, ((t24: 0.007570, t18: 0.009731): 0.002592, ((t23: 0.002810, (t43: 0.002212, t8: 0.002512): 0.001027): 0.004357, (t30: 0.004106, (t22: 0.001874, t16: 0.002036): 0.002510): 0.002968): 0.002832): 0.005574): 0.020206): 0.000961): 0.002183, t33: 0.026113, (t28: 0.016361, t29: 0.014851): 0.028571);

  0.002183  0.004208  0.007418  0.013843  0.011554  0.003333  0.003060  0.002464  0.001216  0.003195  0.015534  0.015382  0.009848  0.008534  0.004430  0.006370  0.000860  0.006200  0.003324  0.003457  0.003300  0.000395  0.003039  0.006926  0.014072  0.014055  0.003016  0.030821  0.004686  0.011410  0.000866  0.012189  0.005302  0.010921  0.005386  0.004962  0.003556  0.009364  0.005879  0.004405  0.004809  0.000483  0.005580  0.004584  0.001651  0.003220  0.006428  0.003425  0.002829  0.002713  0.009297  0.014858  0.000961  0.001928  0.041284  0.022769  0.014422  0.008012  0.001032  0.006224  0.006590  0.003557  0.003424  0.003005  0.001090  0.000831  0.020206  0.013972  0.005574  0.002592  0.007570  0.009731  0.002832  0.004357  0.002810  0.001027  0.002212  0.002512  0.002968  0.004106  0.002510  0.001874  0.002036  0.026113  0.028571  0.016361  0.014851

 -0.912596 -0.821636 -0.089846 -0.055691 -0.027908 -1.097921 -1.242424 -1.911777 -5.635650 -0.821305 -0.105464 -0.126260 -0.298863 -0.096384 -0.653542 -0.406899 -10.911542 -0.226045 -1.435287 -0.980901 -1.296372 -35.708362 -0.766593 -0.112724  0.055247  0.056683 -0.886593 -0.150768 -0.592108  0.099132 -7.618603 -0.226864 -0.506052 -0.227436 -0.474022 -0.432519 -0.843776 -0.230238 -0.255196 -0.789601 -0.363070 -35.692272 -0.487099 -0.876374 -2.687230 -0.782556 -0.140108 -0.804439 -1.427578 -1.442112 -0.159462 -0.011901 -4.940575 -0.282926 -0.089719  0.079534 -0.094677 -0.239931 -7.374724 -0.378902 -0.253714 -0.801289 -1.014288 -1.433422 -10.350700 -17.219089 -0.279426  0.043485 -0.129228 -1.397872 -0.078856 -0.042370 -1.627244 -0.782685 -1.642371 -11.276485 -2.588299 -2.154384 -1.217003 -0.627232 -1.644024 -3.526743 -3.207695  0.282214 -0.139072 -0.255141 -0.132779


Hessian

 -2.019e+07 -9.888e+05 -6.581e+04  -1.06e+05 -1.228e+05  4.235e+04 -5.744e+04 -2.767e+05 -1.685e+05 -2.657e+05 -6.492e+04       3571 -2.758e+05 -6.586e+04     -1e+05 -2.979e+04 -2.363e+05 -1.946e+04 -9.423e+04  1.069e+05  3.048e+05  1.583e+04 -3.949e+05 -3.136e+05 -6.512e+04 -4.091e+04 -4.178e+05 -1.622e+05 -9.933e+04 -4.073e+04  1.076e+04  6.636e+04 -2.741e+05  5.276e+04 -5.023e+04  8.448e+04  2.888e+05  -1.86e+05 -2.035e+05  -2.26e+05  1.276e+04 -5.404e+05  1.222e+05  1.635e+05 -2.394e+05  1.505e+05  7.955e+04 -1.639e+05  3.235e+05 -2.672e+04 -3.826e+04  -9.08e+04 -7.422e+05 -3.484e+05  -1.78e+04 -1.441e+05  1.142e+05 -1.644e+05  5.918e+04   3.16e+04 -5.076e+04  3.086e+04 -8.746e+04 -8.327e+04  2.582e+05  1.661e+05 -2.385e+05 -9.515e+04 -3.141e+04   -6.5e+04  -1.59e+05 -1.295e+05 -1.257e+05 -2.213e+05  5.927e+04 -1.429e+05 -1.482e+05 -1.393e+05  3.339e+04 -2.398e+05 -4.666e+05  1.602e+05  2.531e+04 -1.171e+06 -8.828e+05  -1.24e+05 -1.505e+05
 -9.888e+05 -1.804e+07 -2.212e+05 -1.869e+05 -8.146e+04 -1.999e+05 -2.857e+05 -1.659e+06 -4.677e+05 -3.416e+05 -1.089e+05 -1.983e+05  -3.08e+05 -4.961e+04 -3.263e+04 -6.553e+04 -5.245e+05 -1.252e+05 -1.894e+05   -1.6e+05  2.344e+05  -7.98e+05 -4.736e+05 -6.659e+04 -1.536e+05 -1.112e+05  -1.54e+05 -1.311e+05 -8.625e+04 -1.417e+04      -7350   4.55e+04 -1.109e+04  -1.08e+05  3.443e+04       5286  1.727e+05 -3.845e+05 -6.549e+04 -2.841e+05 -2.592e+05  -5.72e+04      -2803 -8.167e+04 -3.769e+05 -2.191e+05 -2.479e+04  -5.41e+04 -3.102e+04 -1.091e+05 -2.602e+04 -1.946e+05 -3.019e+06 -6.366e+05 -1.383e+05  -3.26e+05 -4.423e+04 -1.626e+05 -4.449e+05 -1.429e+04 -2.324e+04 -3.988e+05  -1.98e+05 -3.924e+05  -5.11e+05  2.732e+05 -3.874e+05 -1.041e+05  -2.43e+05 -6.265e+05 -1.216e+05 -9.099e+04 -2.405e+05 -3.686e+05 -2.972e+05 -3.296e+05 -3.284e+05 -2.136e+05 -3.623e+05 -4.136e+05 -6.261e+05       9071       5775 -2.177e+05 -1.818e+05 -1.968e+05 -1.708e+05
 -6.581e+04 -2.212e+05 -1.111e+07  -2.26e+05 -2.793e+05      -9412 -6.681e+04  -8.64e+05 -5.283e+05 -4.532e+05  -1.52e+05 -1.055e+05 -3.596e+05  3.003e+04 -6.591e+04  3.184e+04 -4.679e+05  2.578e+04  8.799e+04 -1.001e+04  6.645e+04  -4.68e+05 -1.587e+05 -3.013e+05 -1.512e+04       1017  -8.45e+04 -4.446e+04 -2.517e+05 -3.096e+04 -1.791e+05 -2.239e+05 -7.121e+04      -6706       8245  1.567e+05       7580 -2.839e+05  -1.17e+05 -1.865e+05  1.483e+05 -1.618e+04  9.815e+04  3.026e+04 -1.842e+04 -5.604e+04 -1.051e+05 -4.555e+05  2.107e+05 -2.518e+05       6979 -2.189e+05 -3.864e+05 -4.779e+05 -4.974e+04  -9.62e+04 -2.902e+04 -1.462e+05 -2.855e+05 -1.179e+04  -5.36e+04 -4.843e+04 -2.306e+05 -1.887e+04  1.613e+05  3.488e+05 -2.155e+05      -3279 -1.186e+05 -1.593e+05  -1.59e+05 -8.643e+04  -9.29e+04 -6.662e+04 -7.269e+04 -4.282e+05   -3.1e+04  -6.36e+05 -1.089e+05 -5.849e+04 -3.275e+04  2.239e+05  1.403e+05  -9.24e+04 -6.835e+04 -9.037e+04 -1.298e+05
  -1.06e+05 -1.869e+05  -2.26e+05 -6.297e+06 -7.868e+04 -4.906e+04      -4115 -7.219e+04 -2.537e+05 -1.025e+05      -4681 -2.856e+04 -1.523e+05 -3.975e+04  -1.72e+05  3.622e+04      -6603  2.324e+04 -3.092e+04 -1.409e+05       4217 -3.414e+05 -3.448e+05 -3.899e+04  -4.69e+04  4.687e+04 -2.137e+05  2.686e+04 -1.173e+05  3.734e+04 -8.739e+04 -2.624e+04  8.806e+04  4.169e+04  2.928e+04  1.909e+04 -3.681e+04  -1.61e+05 -1.024e+05 -4.993e+04  8.091e+04 -1.009e+05 -1.277e+05  4.426e+04  -1.09e+04   3.25e+04       2645 -1.234e+04   5.76e+04   1.62e+04  8.425e+04 -1.046e+05 -1.523e+05 -2.566e+04  2.006e+04  2.069e+04 -3.194e+04 -1.632e+04 -1.747e+05 -1.455e+05 -4.004e+04 -1.039e+05 -3.496e+04 -8.812e+04   1.49e+05  2.101e+05 -1.906e+04       4210 -1.035e+05 -1.808e+05 -7.368e+04 -2.531e+04  -8.45e+04  1.775e+04  7.238e+04 -8.709e+04 -1.067e+05 -7.139e+04  3.614e+04 -1.157e+05  2.802e+04 -5.766e+04  6.436e+04 -1.141e+04  1.038e+04  -7.47e+04 -4.202e+04
 -1.228e+05 -8.146e+04 -2.793e+05 -7.868e+04 -7.461e+06 -1.366e+05 -1.602e+05 -1.367e+05 -2.686e+05 -6.739e+04 -2.843e+04 -6.593e+04 -1.004e+04  4.353e+04  6.634e+04  1.363e+05 -3.809e+05   3.33e+04  7.062e+04 -2.535e+04  1.154e+05 -2.895e+05 -2.126e+05  -8.39e+04 -6.811e+04 -1.134e+05 -1.799e+05  1.737e+04 -3.783e+04  2.223e+04 -4.674e+04   5.35e+04 -8.117e+04 -1.089e+04 -1.594e+04  1.519e+05  9.444e+04 -2.344e+05  2.061e+04  5.954e+04       9274   9.26e+04  1.091e+05       7067   1.03e+05  -5.26e+04 -3.939e+04 -3.106e+04  1.238e+05  8.144e+04 -2.551e+04 -1.997e+04 -3.591e+05 -1.526e+05  6.776e+04   1.73e+04  4.154e+04 -5.438e+04 -4.975e+04 -4.452e+04  1.325e+04 -4.069e+04   3.54e+04  4.814e+04 -3.954e+05     -10.96 -2.986e+04   3.11e+04   1.59e+04 -1.455e+05  9.834e+04  2.213e+04 -2.274e+04 -1.041e+05  1.829e+05 -6.572e+04  1.417e+05 -2.698e+04 -7.741e+04 -3.549e+04  1.761e+04 -1.949e+04 -8.542e+04      -7938  1.686e+04  3.326e+04   7.01e+04
  4.235e+04 -1.999e+05      -9412 -4.906e+04 -1.366e+05 -2.679e+07 -2.058e+06 -2.004e+05  1.894e+05 -1.627e+05  1.188e+05 -1.247e+04 -1.011e+05   1.55e+05 -1.456e+04 -5.101e+04   2.41e+05 -6.657e+04  2.843e+05  -1.26e+05  3.003e+04   1.07e+05  9.878e+04  3.675e+04 -5.677e+04  9.138e+04  1.274e+05  1.029e+05 -7.775e+04      -4015  1.433e+05 -8.026e+04  1.714e+05 -3.903e+04 -5.201e+04  2.357e+05   4.37e+04  1.277e+05  1.177e+05 -1.664e+05 -2.822e+05   3.03e+05 -9.478e+04  -1.95e+05  2.252e+05 -4.341e+04 -4.203e+04  4.073e+04 -1.276e+05  1.241e+05  5.658e+04  7.615e+04       8015   1.24e+04  5.349e+04  9.675e+04  8.226e+04  6.311e+04 -1.851e+05  1.429e+05 -1.368e+05  4.665e+04 -2.894e+05 -8.205e+04   3.54e+05  3.435e+05 -2.968e+04  1.053e+05      -9801  1.661e+05  1.446e+05  1.542e+05  4.151e+04  1.477e+04  2.044e+05  -3.07e+05 -4.203e+04 -2.104e+05       3783 -2.657e+05 -1.709e+05  6.987e+04 -1.272e+05    2.7e+04  6.595e+04  1.233e+04  5.893e+04
 -5.744e+04 -2.857e+05 -6.681e+04      -4115 -1.602e+05 -2.058e+06 -2.912e+07 -1.178e+05 -4.007e+04 -1.233e+05  5.668e+04  3.585e+04 -5.396e+04       8852 -3.677e+05  1.304e+04 -9.261e+04 -2.155e+05  1.689e+05 -5.673e+05 -3.031e+05 -4.671e+05       8227 -4.082e+05 -3.613e+04 -1.621e+05 -7.771e+04   1.91e+04 -3.144e+04  1.979e+04  9.609e+04 -6.343e+04 -3.464e+04 -1.087e+05  1.627e+05 -9.958e+04 -2.696e+05  5.927e+04  9.804e+04  5.812e+04      837.4  3.075e+05 -7.453e+04 -3.926e+05  9.702e+04   2.81e+04  1.391e+05  1.427e+05 -1.558e+05 -9.125e+04 -1.814e+05 -1.268e+05 -3.087e+04  6.121e+04  7.947e+04    6.4e+04  -3.63e+04 -2.474e+04  2.753e+05 -2.112e+05  4.457e+04 -1.041e+04 -1.464e+05  2.045e+05  8.913e+04  3.535e+05 -1.158e+05 -1.666e+05 -7.445e+04  2.195e+05  1.202e+05  1.026e+05  1.638e+04 -1.084e+05  5.194e+04 -9.546e+05 -4.226e+04 -7.852e+04 -7.325e+04 -4.783e+05 -3.413e+05 -8.141e+04 -5.406e+05   7.16e+04  1.007e+04 -9.141e+04 -2.878e+04
 -2.767e+05 -1.659e+06  -8.64e+05 -7.219e+04 -1.367e+05 -2.004e+05 -1.178e+05 -3.133e+07 -1.474e+06 -1.671e+05 -5.375e+04 -7.389e+04 -2.952e+05 -2.406e+05 -2.645e+05 -9.874e+04 -4.634e+05 -1.794e+04 -2.642e+05  -5.79e+04  1.986e+05 -2.201e+06 -5.334e+05 -3.306e+05 -1.702e+05 -7.577e+04  -2.99e+05 -4.518e+04 -5.079e+05 -5.935e+04 -1.323e+04 -6.682e+04 -5.679e+04 -2.325e+05 -6.374e+04 -5.602e+04  2.444e+05 -4.386e+05 -2.928e+05 -1.259e+05 -2.865e+04 -3.866e+05  9.704e+04       7460  6.532e+04  1.659e+04 -1.103e+05  5.081e+04 -1.399e+04  1.806e+04 -5.925e+04 -1.918e+05 -7.962e+05  -6.74e+05 -1.134e+05 -2.111e+05 -2.712e+04 -2.291e+05   -5.3e+05  1.137e+05 -3.443e+05 -1.838e+05 -9.365e+04 -2.339e+05  8.507e+04  3.138e+05  -2.93e+05 -1.341e+04       7570 -3.639e+05  -1.95e+05  1.156e+04 -9.889e+04 -3.744e+04 -3.553e+05 -6.312e+05   3.08e+05  -2.72e+05    5.3e+04 -1.515e+05 -3.076e+05 -3.668e+05  3.182e+05 -2.756e+05 -6.698e+04 -1.017e+05       7527
 -1.685e+05 -4.677e+05 -5.283e+05 -2.537e+05 -2.686e+05  1.894e+05 -4.007e+04 -1.474e+06 -5.774e+07 -1.967e+06 -4.287e+05 -2.602e+05 -1.214e+06 -1.805e+05 -1.263e+05 -1.377e+05 -3.172e+05 -1.119e+05 -3.991e+05 -3.016e+05 -1.628e+05 -4.266e+06 -1.172e+06 -3.679e+05 -2.162e+05  3.616e+04 -6.225e+05 -2.198e+05 -5.415e+05 -1.825e+05 -4.047e+05 -7.042e+04 -2.098e+05  1.543e+05 -3.219e+05  1.829e+04       9663  -5.04e+05  -3.35e+05  4.967e+04 -1.446e+05 -1.198e+06 -1.327e+04  8.354e+04 -2.594e+05 -4.413e+05      -9503  -3.18e+05   9.82e+04  2.539e+05 -7.785e+04 -6.661e+04 -4.822e+05 -4.697e+05 -1.079e+05 -1.918e+05  3.725e+04 -2.331e+05   1.43e+05  9.186e+04 -2.886e+05 -4.546e+05 -4.638e+04 -7.233e+04 -2.041e+05   2.65e+05 -4.124e+05 -1.747e+05 -2.865e+05 -1.507e+05  -1.78e+05  6.806e+04 -6.223e+05 -2.423e+05  2.249e+05 -3.874e+05   3.08e+05 -1.645e+05  2.806e+05  1.815e+05  2.388e+05  2.097e+05  3.208e+05 -2.403e+05      -5265  -1.73e+05 -1.148e+05
 -2.657e+05 -3.416e+05 -4.532e+05 -1.025e+05 -6.739e+04 -1.627e+05 -1.233e+05 -1.671e+05 -1.967e+06  -2.27e+07 -7.502e+05 -7.382e+05 -1.232e+05      181.1 -9.561e+04  -3.34e+05   1.76e+05 -4.119e+04 -2.979e+04  -2.96e+04  1.115e+05 -4.297e+05 -5.889e+05 -1.988e+05  -7.65e+04 -1.247e+05 -8.422e+05 -1.485e+05 -3.164e+05  2.311e+04 -1.435e+05 -3.659e+05 -3.261e+05  4.498e+04 -5.067e+04  1.479e+05  6.589e+04  -3.68e+05 -3.039e+05 -1.104e+05 -1.859e+04 -3.417e+05 -1.252e+05  7.706e+04  9.571e+04  4.015e+04  2.388e+04 -2.731e+05      -8898 -1.672e+05 -1.196e+05 -1.725e+05 -5.654e+05 -1.659e+05 -2.612e+04 -1.155e+05  4.445e+04 -2.009e+05  2.243e+05 -3.053e+04 -7.056e+04 -1.674e+04  -4.29e+05  1.981e+04  1.754e+05  2.373e+05 -1.209e+05  8.191e+04 -1.062e+05  1.234e+05      -2130  1.342e+05 -2.124e+05 -1.492e+05 -3.603e+05 -2.728e+04 -5.551e+04 -3.581e+05 -2.969e+04 -1.029e+05 -1.797e+05  1.204e+05  1.538e+05 -9.493e+04 -4.751e+04 -2.419e+05  -1.32e+05
 -6.492e+04 -1.089e+05  -1.52e+05      -4681 -2.843e+04  1.188e+05  5.668e+04 -5.375e+04 -4.287e+05 -7.502e+05 -5.564e+06  1.629e+04 -2.311e+05 -1.792e+05      -6884       8547 -9.984e+04  1.004e+04  -1.02e+05 -1.105e+05 -2.509e+04 -6.582e+05 -1.713e+05 -1.259e+05 -2.243e+04 -8.413e+04 -3.274e+05 -1.628e+04 -8.877e+04  5.838e+04 -6.627e+04       5918 -3.878e+04  6.242e+04 -5.752e+04  1.892e+04   1.81e+04 -1.723e+05 -6.657e+04 -4.308e+04  1.342e+04 -2.948e+05 -1.553e+04 -7.549e+04 -3.628e+05 -9.135e+04      -6018 -8.923e+04      -2044 -7.785e+04 -4.528e+04 -6.462e+04 -1.596e+05 -3.303e+05       9201 -2.472e+04       6016 -1.308e+05  7.738e+04 -2.937e+04 -8.718e+04 -1.927e+05 -1.326e+05 -9.802e+04  -2.99e+05 -9.151e+04 -1.419e+04 -2.154e+04      -8678 -4.171e+04 -7.018e+04  1.121e+04  1.165e+04  2.021e+04  1.886e+04 -5.166e+04 -8.959e+04 -1.963e+05 -9.644e+04 -3.346e+04  4.576e+04  5.152e+04 -8.208e+04 -2.521e+04      -2232 -7.376e+04  1.396e+04
       3571 -1.983e+05 -1.055e+05 -2.856e+04 -6.593e+04 -1.247e+04  3.585e+04 -7.389e+04 -2.602e+05 -7.382e+05  1.629e+04 -5.576e+06 -7.043e+04 -3.078e+04 -1.903e+05 -1.154e+05 -5.213e+04 -1.235e+05 -1.643e+05 -1.918e+05 -1.823e+05 -3.695e+05 -2.865e+05 -7.783e+04 -2.673e+04 -5.528e+04  -3.06e+05 -2.014e+04 -1.541e+05  1.047e+04 -2.069e+05 -6.288e+04  1.544e+04  3.601e+04 -2.508e+04  7.759e+04 -1.298e+05      -5125       5157  4.273e+04  6.822e+04  1.526e+05  1.796e+04  1.722e+04  4.719e+04  3.335e+04  4.715e+04 -2.907e+04 -2.046e+05 -9.692e+04  1.465e+04 -1.307e+04 -2.708e+05  3.669e+04  6.996e+04  5.337e+04  4.222e+04      -5445 -1.952e+05  2.151e+04      -5421 -4.015e+04 -4.024e+04   1.61e+04 -2.019e+05  2.887e+04 -6.059e+04  1.687e+04  1.992e+04 -1.006e+05  6.976e+04  1.211e+04 -2.196e+04  1.546e+05       9113  2.631e+04  1.668e+04 -2.489e+05  1.287e+04 -4.693e+04 -1.024e+05 -8.858e+04 -2.698e+04 -1.714e+04  2.169e+04 -2.267e+04      -4563
 -2.758e+05  -3.08e+05 -3.596e+05 -1.523e+05 -1.004e+04 -1.011e+05 -5.396e+04 -2.952e+05 -1.214e+06 -1.232e+05 -2.311e+05 -7.043e+04 -8.712e+06  -7.98e+04 -4.451e+05 -9.208e+04 -4.245e+05  -3.15e+05 -2.802e+05 -3.679e+05  -1.54e+05 -7.713e+05 -3.309e+05 -1.801e+05 -5.742e+04 -1.168e+04  -2.99e+05  1.583e+04 -3.229e+05  -7.11e+04 -1.644e+05      -1378 -1.027e+04 -7.042e+04  5.189e+04 -7.105e+04     -13.97 -2.044e+05 -1.845e+05 -1.604e+05  1.026e+05  2.743e+05  1.377e+05 -6.838e+04 -5.301e+05  2.197e+04 -1.671e+04 -2.365e+05  2.243e+04 -3.798e+04 -5.633e+04 -1.001e+05 -2.398e+05 -2.006e+05      -6974 -8.895e+04  2.569e+04  2.698e+04 -9.361e+04  5.227e+04      -7038 -2.367e+05 -1.739e+04 -1.211e+05 -7.801e+04 -3.213e+04 -1.141e+05 -1.381e+05      -3790 -1.325e+04  5.569e+04 -1.168e+05 -1.073e+05  4.875e+04 -5.319e+04 -1.058e+06 -1.231e+05 -5.239e+05 -4.907e+04 -2.152e+05 -1.195e+05  -1.64e+05  1.095e+05 -1.073e+05 -3.913e+04 -5.191e+04      -8857
 -6.586e+04 -4.961e+04  3.003e+04 -3.975e+04  4.353e+04   1.55e+05       8852 -2.406e+05 -1.805e+05      181.1 -1.792e+05 -3.078e+04  -7.98e+04 -1.043e+07 -4.477e+05 -5.307e+05 -4.751e+05 -7.832e+04 -1.774e+05 -1.064e+05 -9.764e+04 -3.433e+05 -1.858e+05  4.418e+04 -2.767e+04  1.108e+05 -6.389e+04 -5.839e+04 -6.495e+04  5.766e+04  7.804e+04 -2.151e+04  1.461e+05 -5.154e+04  1.628e+05      -6030  4.369e+04      -8840 -5.969e+04 -4.371e+04 -4.553e+04  -3.87e+05 -3.096e+05  5.027e+04 -5.224e+05  8.635e+04 -1.084e+04  1.548e+05  -5.21e+05  1.192e+05 -9.427e+04  2.432e+04  1.189e+04 -2.729e+05  5.736e+04  4.936e+04  3.956e+04 -1.824e+04 -2.636e+05 -1.012e+05  7.247e+04 -2.011e+05  1.802e+04 -9.361e+04 -1.614e+05 -4.986e+04  4.808e+04  8.248e+04 -6.913e+04  -1.45e+05      -9534  3.546e+04  1.563e+05  2.572e+04  8.741e+04  4.458e+04 -7.484e+04  3.782e+04      -6908  9.699e+04 -1.031e+05 -3.952e+04  1.575e+05  1.149e+04  6.416e+04 -3.991e+04 -2.662e+04
     -1e+05 -3.263e+04 -6.591e+04  -1.72e+05  6.634e+04 -1.456e+04 -3.677e+05 -2.645e+05 -1.263e+05 -9.561e+04      -6884 -1.903e+05 -4.451e+05 -4.477e+05 -1.816e+07 -5.645e+05 -1.226e+06 -7.061e+05 -1.006e+06 -3.656e+05 -4.901e+05 -3.671e+05 -5.514e+04 -4.833e+04  4.116e+04  2.908e+04 -2.969e+05  1.898e+04 -4.244e+05  7.307e+04 -1.496e+05  -3.59e+04 -2.393e+05       7872    1.3e+05      -8006  6.843e+04 -1.459e+05 -7.943e+04 -7.296e+04 -5.057e+04 -2.976e+05       8258 -4.312e+04 -1.295e+05  4.223e+04 -3.542e+04 -1.345e+04 -4.118e+05  9.158e+04 -2.314e+04 -4.438e+04 -4.193e+04 -2.112e+04  7.168e+04 -6.005e+04   3.76e+04  1.287e+05  2.399e+05  2.218e+05  9.072e+04 -3.413e+04 -1.454e+04  1.091e+05  2.115e+05   2.49e+05 -1.976e+04 -2.935e+04 -1.749e+05 -2.797e+05 -6.889e+04 -8.509e+04  6.527e+04  3.455e+04 -1.661e+04  2.194e+05 -3.354e+05 -1.383e+05 -2.495e+04  1.474e+04 -1.102e+05  1.922e+05  7.219e+04  -1.83e+04  1.036e+05 -8.059e+04  4.074e+04
 -2.979e+04 -6.553e+04  3.184e+04  3.622e+04  1.363e+05 -5.101e+04  1.304e+04 -9.874e+04 -1.377e+05  -3.34e+05       8547 -1.154e+05 -9.208e+04 -5.307e+05 -5.645e+05 -1.407e+07 -1.665e+06 -6.521e+05 -5.488e+05 -9.005e+05 -9.549e+05 -3.676e+05       8588   3.14e+04  5.614e+04  9.959e+04 -7.971e+04  1.116e+05 -1.216e+05  3.701e+04 -4.261e+04 -9.006e+04  5.198e+04 -2.504e+04 -7.665e+04 -5.665e+04  -3.22e+04  1.425e+05  7.599e+04  2.158e+05  1.784e+05 -1.458e+05 -1.211e+05  3.472e+04  1.418e+04  -1.91e+05       2531  5.902e+04 -1.116e+05  2.324e+04  7.115e+04  1.047e+04       5565  1.284e+05  1.263e+05  1.662e+05  1.868e+05  1.724e+05  1.437e+05  1.045e+05  1.649e+05  2.514e+04 -8.734e+04  7.063e+04   -1.3e+04  5.967e+04  1.463e+05  8.001e+04  1.287e+05  1.213e+05  1.832e+05  4.061e+04  2.018e+05  1.627e+05   1.75e+05  2.294e+05  2.108e+05  3.534e+04  1.257e+05  2.137e+05 -1.274e+05  1.359e+05  2.043e+04   8.16e+04  1.018e+05  2.603e+04  8.616e+04
 -2.363e+05 -5.245e+05 -4.679e+05      -6603 -3.809e+05   2.41e+05 -9.261e+04 -4.634e+05 -3.172e+05   1.76e+05 -9.984e+04 -5.213e+04 -4.245e+05 -4.751e+05 -1.226e+06 -1.665e+06 -7.937e+07  -9.37e+05 -2.849e+06 -6.143e+05 -3.851e+05 -2.441e+05  -1.28e+05  1.078e+05 -4.372e+04  1.252e+05 -2.528e+05  6.558e+04 -3.186e+05 -6.464e+04  1.312e+05  4.567e+04 -2.044e+05 -7.541e+04  6.274e+04  2.243e+04  9.134e+04 -2.265e+05  1.061e+05 -1.237e+05  1.616e+05  1.425e+04  2.548e+05  4.931e+04 -4.092e+05 -3.325e+05 -1.963e+05 -6.541e+05 -2.287e+05  2.624e+05  1.803e+04 -4.615e+04  9.711e+04 -2.303e+04  8.776e+04  5.832e+04  1.269e+05  1.156e+05  -2.72e+05       5267 -4.649e+04 -2.255e+05  2.259e+05  2.797e+05  9.462e+04  3.125e+05  2.057e+05  8.529e+04 -1.269e+05 -2.191e+04  2.568e+05  1.457e+05  3.045e+05  3.525e+05  2.244e+05  7.206e+04  2.767e+05  2.181e+05  2.961e+05 -2.124e+05   2.81e+05 -2.561e+05 -1.425e+05   9.32e+04      -1981 -1.802e+05  3.555e+04
 -1.946e+04 -1.252e+05  2.578e+04  2.324e+04   3.33e+04 -6.657e+04 -2.155e+05 -1.794e+04 -1.119e+05 -4.119e+04  1.004e+04 -1.235e+05  -3.15e+05 -7.832e+04 -7.061e+05 -6.521e+05  -9.37e+05 -1.398e+07 -8.268e+05 -7.302e+05  -7.11e+05 -4.393e+05   -6.5e+04  7.583e+04  6.466e+04       2453  -5.97e+04  1.072e+05   -2.8e+04 -2.823e+04 -1.565e+05 -1.553e+05 -5.413e+04 -1.571e+05  7.479e+04 -2.906e+05 -1.185e+05       6197  -6.76e+04      -8638 -2.849e+05      -9907 -7.159e+04  3.963e+04 -2.564e+05  -4.17e+04 -5.194e+04  1.382e+05 -1.255e+05  1.282e+05  6.533e+04 -6.607e+04  3.174e+04  1.057e+05  8.448e+04  1.081e+05   5.81e+04  1.672e+05  2.628e+05  1.883e+04  7.377e+04 -1.181e+05 -1.594e+05  1.904e+05 -4.337e+05    2.8e+05  7.422e+04 -1.043e+04 -1.024e+05 -5.251e+04  1.224e+05  2.364e+04 -8.746e+04 -2.973e+04  1.786e+05  1.282e+05  1.334e+05 -1.118e+04 -6.594e+04  1.294e+04      -6461  8.834e+04      -1095  5.521e+04  8.499e+04  3.024e+04      -8851
 -9.423e+04 -1.894e+05  8.799e+04 -3.092e+04  7.062e+04  2.843e+05  1.689e+05 -2.642e+05 -3.991e+05 -2.979e+04  -1.02e+05 -1.643e+05 -2.802e+05 -1.774e+05 -1.006e+06 -5.488e+05 -2.849e+06 -8.268e+05 -2.485e+07 -7.371e+05 -9.199e+05 -1.408e+05      -8933 -7.683e+04   7.09e+04  3.547e+04 -1.143e+05  5.584e+04 -1.883e+05 -3.927e+04      -7852  2.591e+04 -1.884e+04  7.808e+04 -1.157e+05 -1.252e+05 -3.584e+04  1.017e+05  5.423e+04   8.04e+04  -1.73e+05  1.864e+04   2.21e+04  1.482e+05 -1.939e+05 -3.737e+05 -1.985e+04  4.613e+04  -3.26e+05  1.829e+05  9.714e+04  5.446e+04  -3.49e+05 -5.686e+04  1.205e+05  4.506e+04  1.246e+05  -1.37e+04 -1.729e+05  1.087e+04  7.105e+04 -1.779e+05   1.36e+05  9.274e+04      8e+04  1.755e+05 -9.443e+04       6640 -7.402e+04 -2.073e+05  1.455e+05  5.086e+04  1.416e+05 -6.556e+04 -2.934e+05 -8.277e+05  3.173e+05  1.312e+04   1.06e+05  2.182e+05 -9.564e+05      -4442  3.234e+05  3.442e+04  9.496e+04 -8.816e+04 -5.742e+04
  1.069e+05   -1.6e+05 -1.001e+04 -1.409e+05 -2.535e+04  -1.26e+05 -5.673e+05  -5.79e+04 -3.016e+05  -2.96e+04 -1.105e+05 -1.918e+05 -3.679e+05 -1.064e+05 -3.656e+05 -9.005e+05 -6.143e+05 -7.302e+05 -7.371e+05 -2.635e+07 -1.281e+06 -7.149e+05 -2.727e+05   1.89e+05  5.708e+04  1.171e+05  3.157e+05  9.063e+04   2.06e+05 -3.185e+04  2.951e+05 -1.477e+05  2.795e+05 -1.456e+05  3.317e+04  -4.64e+04 -3.701e+05 -6.548e+04 -3.625e+04  1.261e+05       4758 -6.548e+05      -4386 -1.167e+05 -1.795e+05 -1.215e+05  1.932e+05  2.013e+04 -1.708e+05       5609  7.077e+04 -5.134e+04  1.542e+05 -4.002e+05  -5.99e+04  5.911e+04       5231  5.057e+04 -5.593e+05  -3.19e+05 -1.585e+05 -4.517e+05 -5.381e+05 -2.783e+05 -1.373e+05 -1.061e+06  1.069e+05 -1.039e+04 -2.172e+05  1.939e+05  6.045e+04  2.746e+04  1.417e+05  1.315e+05 -3.826e+05   3.29e+05  1.438e+04 -8.506e+04 -2.158e+05  1.028e+05  3.172e+05  1.534e+05 -9.164e+04  5.236e+04       6146 -2.114e+05  -8.77e+04
  3.048e+05  2.344e+05  6.645e+04       4217  1.154e+05  3.003e+04 -3.031e+05  1.986e+05 -1.628e+05  1.115e+05 -2.509e+04 -1.823e+05  -1.54e+05 -9.764e+04 -4.901e+05 -9.549e+05 -3.851e+05  -7.11e+05 -9.199e+05 -1.281e+06 -2.749e+07  2.233e+05  2.409e+05  -1.29e+04  1.779e+05  4.955e+04 -1.493e+05  5.783e+04 -1.722e+05  1.519e+04  1.173e+05 -8.175e+04 -2.255e+04 -1.593e+05 -9.202e+04 -6.239e+04 -1.702e+05 -3.726e+04 -3.151e+05  1.418e+05 -8.539e+04 -8.002e+04 -1.461e+05  1.015e+05 -1.927e+05  1.414e+05  -1.59e+05  5.139e+04 -9.233e+04  1.526e+05 -1.086e+05 -2.998e+05  2.675e+05      -5555   1.49e+05  1.362e+05 -4.068e+04  1.199e+05  2.122e+05  9.747e+04  4.947e+04 -3.553e+05 -4.585e+05  2.334e+04      -9256 -1.339e+05  1.451e+05  8.343e+04   1.78e+05  2.063e+05  6.491e+04  8.363e+04 -1.188e+05  2.219e+05  2.823e+05   3.67e+05  2.088e+05      -5180   1.63e+05  -1.16e+05  3.549e+05  -2.73e+05   -4.3e+05  1.317e+05  1.365e+05  -3.48e+04  7.224e+04
  1.583e+04  -7.98e+05  -4.68e+05 -3.414e+05 -2.895e+05   1.07e+05 -4.671e+05 -2.201e+06 -4.266e+06 -4.297e+05 -6.582e+05 -3.695e+05 -7.713e+05 -3.433e+05 -3.671e+05 -3.676e+05 -2.441e+05 -4.393e+05 -1.408e+05 -7.149e+05  2.233e+05 -1.376e+08 -4.239e+06 -8.732e+05 -1.939e+05 -1.456e+05 -2.014e+06 -1.235e+05 -4.234e+05 -2.317e+05 -5.534e+05 -7.051e+05 -3.222e+05  1.956e+05 -2.555e+05 -1.524e+05  1.183e+05 -1.803e+06 -5.764e+05 -7.399e+05  2.311e+05  2.471e+05  1.849e+05  2.256e+05 -3.548e+05  2.811e+05 -4.062e+05 -1.472e+05       5850  2.498e+05 -1.622e+05 -1.115e+05 -1.752e+06 -3.374e+05 -2.268e+04 -4.487e+05  -1.46e+05 -4.171e+05 -1.221e+05 -6.379e+04 -1.748e+04 -5.523e+05 -1.139e+05  8.273e+04 -1.956e+05  3.612e+05 -3.021e+05 -5.534e+04 -2.255e+05  9.665e+04  1.555e+05 -2.074e+04 -5.973e+05 -4.095e+04  3.038e+05 -9.841e+05  1.077e+05 -1.136e+04  1.108e+05  1.512e+05  1.972e+05  2.649e+05  3.791e+05 -6.165e+05  4.643e+04  9.912e+04 -1.861e+05
 -3.949e+05 -4.736e+05 -1.587e+05 -3.448e+05 -2.126e+05  9.878e+04       8227 -5.334e+05 -1.172e+06 -5.889e+05 -1.713e+05 -2.865e+05 -3.309e+05 -1.858e+05 -5.514e+04       8588  -1.28e+05   -6.5e+04      -8933 -2.727e+05  2.409e+05 -4.239e+06 -2.537e+07 -6.709e+05 -1.031e+05 -1.649e+05 -1.677e+06 -1.345e+05 -7.203e+05 -2.426e+04 -3.986e+05  -9.42e+04 -2.088e+05 -2.313e+05 -1.001e+05  4.687e+04 -1.814e+05 -2.039e+05 -2.012e+05 -3.142e+05 -2.324e+05   2.09e+05  1.585e+05  -8.64e+04 -5.741e+04 -6.229e+04  1.578e+04 -1.333e+05 -1.956e+05  1.946e+05 -1.129e+04 -9.268e+04 -1.045e+06 -2.335e+05 -3.185e+04 -1.368e+05  4.149e+04 -1.931e+05 -1.566e+04 -1.986e+05  8.591e+04 -1.277e+04 -3.792e+05 -3.204e+05 -4.045e+05  3.375e+05 -2.663e+05  6.172e+04  -5.26e+04 -2.829e+04  1.553e+04  6.771e+04 -1.956e+05  4.958e+04 -7.402e+04   2.56e+04 -8.687e+04 -5.709e+05 -3.509e+05 -9.227e+04 -3.028e+04 -6.172e+04  1.031e+05 -2.321e+05 -1.189e+05 -5.939e+04 -1.009e+05
 -3.136e+05 -6.659e+04 -3.013e+05 -3.899e+04  -8.39e+04  3.675e+04 -4.082e+05 -3.306e+05 -3.679e+05 -1.988e+05 -1.259e+05 -7.783e+04 -1.801e+05  4.418e+04 -4.833e+04   3.14e+04  1.078e+05  7.583e+04 -7.683e+04   1.89e+05  -1.29e+04 -8.732e+05 -6.709e+05 -1.128e+07 -3.741e+05 -4.407e+05  -2.48e+05  -4.74e+04 -1.048e+05  -8.58e+04 -1.758e+05 -7.023e+04 -7.947e+04  7.104e+04 -1.628e+05  1.538e+05  -2.11e+04 -3.343e+05 -6.778e+04  -3.76e+04 -5.627e+04 -2.601e+05  8.995e+04 -1.145e+05 -2.313e+05        287   1.21e+04  -3.15e+04 -8.763e+04  5.106e+04 -1.251e+05      -5372 -2.219e+05 -3.031e+05  2.982e+04 -1.518e+05  1.603e+04 -3.527e+04  1.469e+04 -4.529e+04  1.431e+05 -9.367e+04  7.794e+04      -2700  1.532e+05  4.708e+04 -6.309e+04  2.158e+04 -1.988e+05 -4.986e+04       7336  2.387e+04 -1.368e+05 -1.168e+05  3.039e+04 -1.838e+05  3.411e+04 -2.614e+05 -7.619e+04  6.064e+04 -2.558e+05       8591       4764 -1.286e+05 -5.905e+04       8021      -4710
 -6.512e+04 -1.536e+05 -1.512e+04  -4.69e+04 -6.811e+04 -5.677e+04 -3.613e+04 -1.702e+05 -2.162e+05  -7.65e+04 -2.243e+04 -2.673e+04 -5.742e+04 -2.767e+04  4.116e+04  5.614e+04 -4.372e+04  6.466e+04   7.09e+04  5.708e+04  1.779e+05 -1.939e+05 -1.031e+05 -3.741e+05 -6.021e+06 -7.559e+04 -1.593e+05 -2.136e+04  -5.77e+04  1.839e+04 -1.906e+05 -4.871e+04 -7.034e+04  3.854e+04 -4.243e+04  1.787e+04  5.125e+04 -1.209e+05 -7.574e+04 -2.787e+04  5.173e+04 -4.672e+04 -1.263e+05       7192 -1.758e+05 -1.456e+05 -6.197e+04 -1.106e+04 -1.381e+05  3.933e+04 -1.881e+05 -2.756e+04 -2.931e+05 -1.663e+04   3.93e+04       8599 -6.844e+04 -1.089e+04 -3.393e+04  4.562e+04      -1039 -4.121e+04      -2706  3.678e+04 -1.176e+05  1.401e+05 -6.852e+04  1.976e+04      225.9   5.03e+04      -4649 -6.246e+04  -2.31e+05  1.859e+04 -1.479e+05 -6.887e+04      -7362 -3.507e+05 -1.886e+05 -8.124e+04 -9.395e+04 -8.401e+04 -9.467e+04  -3.83e+04  1.113e+04 -2.849e+04 -4.607e+04
 -4.091e+04 -1.112e+05       1017  4.687e+04 -1.134e+05  9.138e+04 -1.621e+05 -7.577e+04  3.616e+04 -1.247e+05 -8.413e+04 -5.528e+04 -1.168e+04  1.108e+05  2.908e+04  9.959e+04  1.252e+05       2453  3.547e+04  1.171e+05  4.955e+04 -1.456e+05 -1.649e+05 -4.407e+05 -7.559e+04 -6.095e+06 -2.577e+05 -8.733e+04 -1.533e+05 -1.337e+04      -3950 -1.199e+04 -4.398e+04  1.736e+04 -8.509e+04      -6707  -7.15e+04 -9.485e+04 -6.709e+04 -1.965e+04 -1.926e+05 -9.042e+04      -6807 -4.619e+05  2.536e+04 -5.581e+04       4392 -7.316e+04 -1.362e+04 -1.507e+05 -5.886e+04 -4.588e+04 -2.238e+05  1.117e+05  3.054e+04 -3.365e+04  1.612e+04 -2.173e+04      -6994       2585   4.26e+04 -4.161e+04 -4.858e+04 -1.339e+04 -2.751e+05 -4.388e+05 -5.807e+04       3404  6.996e+04 -1.545e+05 -1.612e+04  4.606e+04 -2.343e+05 -1.554e+05 -5.186e+04   8.42e+04 -9.539e+04 -3.513e+05 -1.842e+05 -2.062e+05 -2.362e+04  1.964e+05 -1.044e+05  1.485e+04  2.892e+04 -1.819e+04  2.907e+04
 -4.178e+05  -1.54e+05  -8.45e+04 -2.137e+05 -1.799e+05  1.274e+05 -7.771e+04  -2.99e+05 -6.225e+05 -8.422e+05 -3.274e+05  -3.06e+05  -2.99e+05 -6.389e+04 -2.969e+05 -7.971e+04 -2.528e+05  -5.97e+04 -1.143e+05  3.157e+05 -1.493e+05 -2.014e+06 -1.677e+06  -2.48e+05 -1.593e+05 -2.577e+05  -2.29e+07 -1.218e+05 -2.705e+06 -8.502e+04 -1.575e+06 -1.128e+05 -1.965e+05 -2.566e+05 -7.877e+04 -9.058e+04   -8.8e+04 -3.448e+05 -3.174e+05 -2.537e+04 -2.742e+05  4.701e+04   7.91e+04      -3591 -6.156e+05 -3.416e+04  1.115e+05  -4.49e+05 -3.784e+05 -8.703e+05  -1.48e+04 -3.518e+04 -1.429e+06 -3.587e+05  2.304e+04 -1.218e+05 -1.876e+04 -9.029e+04 -3.303e+05 -1.167e+05 -1.006e+05  1.071e+05 -2.945e+04 -3.875e+04 -8.161e+04  2.952e+05 -1.396e+05 -2.332e+04 -1.671e+05  -2.84e+04      -6661   -1.1e+04 -2.346e+05  6.965e+04   1.78e+05  2.135e+05  3.564e+04  -1.69e+05 -2.132e+05 -1.938e+05 -8.631e+04 -7.565e+04   1.76e+05 -1.215e+05 -3.976e+04 -9.424e+04 -1.669e+05
 -1.622e+05 -1.311e+05 -4.446e+04  2.686e+04  1.737e+04  1.029e+05   1.91e+04 -4.518e+04 -2.198e+05 -1.485e+05 -1.628e+04 -2.014e+04  1.583e+04 -5.839e+04  1.898e+04  1.116e+05  6.558e+04  1.072e+05  5.584e+04  9.063e+04  5.783e+04 -1.235e+05 -1.345e+05  -4.74e+04 -2.136e+04 -8.733e+04 -1.218e+05  -2.62e+06 -2.486e+04  1.049e+04 -1.174e+04 -8.963e+04      -4342  7.981e+04  6.713e+04  2.277e+04  1.186e+05  1.062e+04 -7.519e+04   1.49e+04      -1385 -5.805e+04  7.215e+04       9999 -2.156e+05 -2.844e+04  2.612e+04  2.611e+04  -7.69e+04  7.463e+04       9200      984.3 -1.463e+05 -7.741e+04  1.835e+04  1.267e+04      -4559 -2.757e+04 -2.306e+04 -4.267e+04       4037  5.564e+04  1.777e+04  5.121e+04  6.723e+04  9.433e+04 -1.046e+04  2.069e+04 -3.896e+04      -5062 -2.843e+04  1.514e+04  -1.07e+04 -1.698e+04  1.163e+04 -1.538e+04 -2.031e+05 -1.951e+05 -4.322e+04  1.695e+04  2.492e+04  6.768e+04   4.72e+04 -2.527e+04  1.493e+04      -5416 -1.959e+04
 -9.933e+04 -8.625e+04 -2.517e+05 -1.173e+05 -3.783e+04 -7.775e+04 -3.144e+04 -5.079e+05 -5.415e+05 -3.164e+05 -8.877e+04 -1.541e+05 -3.229e+05 -6.495e+04 -4.244e+05 -1.216e+05 -3.186e+05   -2.8e+04 -1.883e+05   2.06e+05 -1.722e+05 -4.234e+05 -7.203e+05 -1.048e+05  -5.77e+04 -1.533e+05 -2.705e+06 -2.486e+04 -1.561e+07 -1.417e+05 -4.405e+06 -1.534e+05     -4e+05 -1.624e+05 -1.715e+05 -1.047e+05 -3.711e+05 -1.671e+05  -1.24e+05 -2.257e+04 -1.914e+05 -2.464e+05  3.757e+04  7.198e+04      890.1  4.495e+04 -9.081e+04  6.316e+04 -1.271e+05  1.011e+05 -2.277e+05 -1.648e+04  -3.57e+05  -3.19e+05  1.947e+04 -1.477e+04  2.803e+04      -8923  9.868e+04  -3.52e+04 -1.655e+05 -2.039e+05 -1.817e+05  4.671e+04    1.2e+05  3.258e+05  -1.04e+05 -9.514e+04 -1.265e+05   -2.3e+05  1.364e+04 -8.567e+04 -2.519e+05  9.685e+04  3.819e+04 -2.193e+05  -2.57e+05 -2.093e+05 -1.078e+05 -3.088e+04   7.67e+04 -2.481e+04  1.319e+05 -1.199e+05  3.375e+04  1.479e+04  -6.66e+04
 -4.073e+04 -1.417e+04 -3.096e+04  3.734e+04  2.223e+04      -4015  1.979e+04 -5.935e+04 -1.825e+05  2.311e+04  5.838e+04  1.047e+04  -7.11e+04  5.766e+04  7.307e+04  3.701e+04 -6.464e+04 -2.823e+04 -3.927e+04 -3.185e+04  1.519e+04 -2.317e+05 -2.426e+04  -8.58e+04  1.839e+04 -1.337e+04 -8.502e+04  1.049e+04 -1.417e+05 -6.504e+06 -7.811e+05 -1.186e+05 -9.425e+04 -7.166e+04 -1.143e+05  -1.24e+05 -2.557e+05  7.858e+04   3.98e+04  4.544e+04 -1.636e+04  2.359e+05      -5423      -7722  1.044e+05 -3.108e+04  1.496e+04  5.017e+04  1.116e+05  1.615e+05 -2.784e+04  3.902e+04 -1.022e+05  9.558e+04  6.286e+04  3.373e+04  3.935e+04  6.077e+04 -2.275e+05  3.027e+04   2.83e+04 -2.985e+04   1.03e+05       6897 -2.087e+05  1.555e+05  3.489e+04   5.55e+04      -5553 -3.488e+04       7134  6.586e+04 -2.539e+04 -2.118e+04  4.785e+04 -8.323e+04  9.424e+04  3.125e+04  5.643e+04      -3216  7.545e+04  1.603e+05  1.504e+05  1.712e+04  6.654e+04  8.394e+04       2129
  1.076e+04      -7350 -1.791e+05 -8.739e+04 -4.674e+04  1.433e+05  9.609e+04 -1.323e+04 -4.047e+05 -1.435e+05 -6.627e+04 -2.069e+05 -1.644e+05  7.804e+04 -1.496e+05 -4.261e+04  1.312e+05 -1.565e+05      -7852  2.951e+05  1.173e+05 -5.534e+05 -3.986e+05 -1.758e+05 -1.906e+05      -3950 -1.575e+06 -1.174e+04 -4.405e+06 -7.811e+05 -5.678e+07 -8.195e+05 -1.577e+06 -3.156e+05 -3.705e+05 -1.668e+05 -1.482e+06 -3.371e+05 -2.864e+05 -1.041e+05       9052 -3.623e+05 -8.133e+04 -1.212e+05 -4.251e+05  1.417e+04 -2.136e+04 -3.919e+05 -7.927e+05   4.63e+04 -6.067e+04 -9.254e+04 -2.731e+05      -3731  3.692e+04   5.03e+04   1.61e+05      -7461  2.051e+05   1.82e+05  1.209e+05  -3.47e+04  2.211e+05   1.81e+05  4.849e+04  3.452e+05  -2.24e+05  2.581e+04 -1.737e+05 -3.698e+05  5.403e+04  2.092e+05  -3.42e+05 -2.832e+05  1.605e+05  3.105e+05  3.041e+05 -1.274e+04 -7.783e+05       2531  2.702e+05  3.237e+05  2.842e+05  2.893e+04 -8.052e+04   1.59e+05 -1.262e+05
  6.636e+04   4.55e+04 -2.239e+05 -2.624e+04   5.35e+04 -8.026e+04 -6.343e+04 -6.682e+04 -7.042e+04 -3.659e+05       5918 -6.288e+04      -1378 -2.151e+04  -3.59e+04 -9.006e+04  4.567e+04 -1.553e+05  2.591e+04 -1.477e+05 -8.175e+04 -7.051e+05  -9.42e+04 -7.023e+04 -4.871e+04 -1.199e+04 -1.128e+05 -8.963e+04 -1.534e+05 -1.186e+05 -8.195e+05 -7.266e+06 -1.871e+05 -1.025e+05 -1.498e+05   -3.9e+05 -3.527e+05 -9.274e+04 -1.045e+04 -2.067e+05      735.7 -5.501e+04 -1.399e+04  4.455e+04 -9.356e+04 -4.212e+04  1.688e+04 -1.022e+05  2.008e+04  1.872e+05      -4329 -2.479e+04 -1.856e+05       6730  4.756e+04  4.045e+04  3.547e+04      -5308 -8.344e+04 -2.992e+04 -1.237e+05 -8.756e+04  3.599e+04   8.27e+04  7.351e+04  2.429e+05  -5.73e+04 -2.822e+04  5.189e+04  1.092e+05      257.3 -1.779e+04   6.02e+04       8752  9.734e+04  3.131e+04  -4.65e+04 -4.071e+05 -1.295e+05 -2.459e+04  1.639e+05  1.515e+05  1.788e+05       7682  2.532e+04       5950  1.471e+04
 -2.741e+05 -1.109e+04 -7.121e+04  8.806e+04 -8.117e+04  1.714e+05 -3.464e+04 -5.679e+04 -2.098e+05 -3.261e+05 -3.878e+04  1.544e+04 -1.027e+04  1.461e+05 -2.393e+05  5.198e+04 -2.044e+05 -5.413e+04 -1.884e+04  2.795e+05 -2.255e+04 -3.222e+05 -2.088e+05 -7.947e+04 -7.034e+04 -4.398e+04 -1.965e+05      -4342     -4e+05 -9.425e+04 -1.577e+06 -1.871e+05 -1.535e+07 -2.749e+05 -5.727e+05 -2.412e+05 -4.096e+05 -2.495e+04 -9.007e+04 -2.211e+04 -2.346e+05 -3.888e+05  7.527e+04  1.201e+04 -1.228e+05  3.708e+04       1032   9.76e+04    6.9e+04 -3.128e+05  1.538e+05       3248  1.448e+05 -1.021e+05  5.048e+04  3.468e+04  3.216e+04  2.957e+04  5.636e+04   8.32e+04  1.494e+05  1.566e+05  2.256e+05  9.033e+04  1.234e+05 -8.983e+04  3.864e+04      -7569  3.642e+04  7.415e+04  1.901e+04 -5.659e+04 -6.615e+04   5.77e+04 -1.391e+05 -2.715e+05  2.188e+05 -5.329e+04  2.224e+05      -6183  6.813e+04 -2.875e+05 -2.538e+04 -3.139e+04 -2.456e+04  7.002e+04      -9147
  5.276e+04  -1.08e+05      -6706  4.169e+04 -1.089e+04 -3.903e+04 -1.087e+05 -2.325e+05  1.543e+05  4.498e+04  6.242e+04  3.601e+04 -7.042e+04 -5.154e+04       7872 -2.504e+04 -7.541e+04 -1.571e+05  7.808e+04 -1.456e+05 -1.593e+05  1.956e+05 -2.313e+05  7.104e+04  3.854e+04  1.736e+04 -2.566e+05  7.981e+04 -1.624e+05 -7.166e+04 -3.156e+05 -1.025e+05 -2.749e+05 -8.182e+06  -2.34e+05 -4.471e+05 -3.565e+05 -1.485e+04 -1.766e+05  3.073e+04       2157 -3.181e+05  1.205e+04  6.453e+04  1.757e+04  1.813e+04     -929.7       7864   5.54e+04       9612       4827  1.413e+04 -7.793e+04  2.071e+04  8.761e+04   1.91e+04  5.928e+04 -7.082e+04 -2.593e+05  1.202e+05 -1.222e+04  2.494e+04 -1.387e+05 -2.713e+04 -1.021e+05 -4.885e+04   4.81e+04   4.07e+04  4.326e+04 -2.381e+04      -3605     -221.1  8.231e+04  1.275e+05  2.429e+05 -2.242e+04 -8.398e+04 -1.825e+04  1.052e+04 -4.685e+04  1.245e+05  1.211e+05 -2.109e+04  9.133e+04  1.087e+05  1.181e+05  5.546e+04
 -5.023e+04  3.443e+04       8245  2.928e+04 -1.594e+04 -5.201e+04  1.627e+05 -6.374e+04 -3.219e+05 -5.067e+04 -5.752e+04 -2.508e+04  5.189e+04  1.628e+05    1.3e+05 -7.665e+04  6.274e+04  7.479e+04 -1.157e+05  3.317e+04 -9.202e+04 -2.555e+05 -1.001e+05 -1.628e+05 -4.243e+04 -8.509e+04 -7.877e+04  6.713e+04 -1.715e+05 -1.143e+05 -3.705e+05 -1.498e+05 -5.727e+05  -2.34e+05 -1.561e+07 -4.302e+05 -6.261e+05 -7.055e+04 -8.178e+04  1.565e+04  1.083e+04 -1.839e+05      -2214   1.83e+04  2.309e+05  1.132e+05  4.799e+04 -4.589e+04 -7.447e+04  1.606e+05  -1.16e+04       3605 -3.241e+04  8.968e+04  6.079e+04  6.149e+04  7.865e+04  1.739e+04 -2.162e+05  1.059e+05 -1.588e+05 -2.404e+04  4.232e+04 -9.894e+04  7.873e+04 -3.212e+05  2.486e+04 -4.914e+04  1.573e+05  3.958e+04 -2.349e+04      -4333 -4.744e+04   5.22e+04  1.787e+05  1.114e+05  5.638e+04 -3.412e+04 -2.207e+05 -5.093e+04 -9.053e+04 -6.259e+04  1.459e+05      -3116  8.877e+04      -8205       4507
  8.448e+04       5286  1.567e+05  1.909e+04  1.519e+05  2.357e+05 -9.958e+04 -5.602e+04  1.829e+04  1.479e+05  1.892e+04  7.759e+04 -7.105e+04      -6030      -8006 -5.665e+04  2.243e+04 -2.906e+05 -1.252e+05  -4.64e+04 -6.239e+04 -1.524e+05  4.687e+04  1.538e+05  1.787e+04      -6707 -9.058e+04  2.277e+04 -1.047e+05  -1.24e+05 -1.668e+05   -3.9e+05 -2.412e+05 -4.471e+05 -4.302e+05 -1.768e+07  -1.35e+06   1.58e+05 -3.113e+04  2.148e+05 -8.482e+04  2.743e+05 -2.256e+04 -1.837e+05  2.037e+05   2.07e+05 -1.391e+05  1.215e+05 -4.677e+05  2.757e+04 -1.936e+04  4.611e+04  5.115e+04 -2.282e+05  3.888e+04   1.56e+05   4.18e+04  9.497e+04  1.575e+05 -1.721e+04  6.286e+04  1.691e+05  8.982e+04  7.002e+04 -3.179e+05 -2.755e+05  1.457e+05  1.188e+05  1.063e+05  2.132e+05  8.007e+04 -2.579e+05  8.876e+04  3.372e+05  2.239e+05   2.09e+05  2.404e+05 -8.036e+04  3.843e+04  2.495e+05  1.207e+05  1.074e+05 -1.247e+04   6.95e+04   1.35e+05  1.397e+05  8.244e+04
  2.888e+05  1.727e+05       7580 -3.681e+04  9.444e+04   4.37e+04 -2.696e+05  2.444e+05       9663  6.589e+04   1.81e+04 -1.298e+05     -13.97  4.369e+04  6.843e+04  -3.22e+04  9.134e+04 -1.185e+05 -3.584e+04 -3.701e+05 -1.702e+05  1.183e+05 -1.814e+05  -2.11e+04  5.125e+04  -7.15e+04   -8.8e+04  1.186e+05 -3.711e+05 -2.557e+05 -1.482e+06 -3.527e+05 -4.096e+05 -3.565e+05 -6.261e+05  -1.35e+06 -2.404e+07  2.876e+04  1.352e+05  1.495e+05 -1.921e+05  2.432e+05  1.074e+05  -1.05e+05  2.029e+05 -2.362e+05 -1.577e+05 -1.616e+05  1.432e+05  8.563e+04  1.834e+05 -3.302e+04 -2.039e+05  1.697e+05  4.194e+04  7.652e+04  7.126e+04   1.61e+05  6.961e+04 -6.004e+04  1.762e+05  1.313e+05  2.214e+05  2.587e+05 -1.449e+05 -1.614e+05  9.653e+04  5.157e+04 -6.186e+04  2.711e+05  9.474e+04 -1.102e+05  5.508e+04  2.438e+05  1.903e+05  2.788e+05 -5.287e+04 -4.726e+04   1.88e+05  1.805e+05  2.452e+05  3.326e+05 -3.767e+05  7.811e+04  1.808e+05  7.511e+04       1500
  -1.86e+05 -3.845e+05 -2.839e+05  -1.61e+05 -2.344e+05  1.277e+05  5.927e+04 -4.386e+05  -5.04e+05  -3.68e+05 -1.723e+05      -5125 -2.044e+05      -8840 -1.459e+05  1.425e+05 -2.265e+05       6197  1.017e+05 -6.548e+04 -3.726e+04 -1.803e+06 -2.039e+05 -3.343e+05 -1.209e+05 -9.485e+04 -3.448e+05  1.062e+04 -1.671e+05  7.858e+04 -3.371e+05 -9.274e+04 -2.495e+04 -1.485e+04 -7.055e+04   1.58e+05  2.876e+04 -9.174e+06 -5.695e+05 -6.185e+04 -3.903e+04  3.003e+04  8.474e+04  1.435e+05 -2.086e+05 -6.929e+04 -4.777e+04 -6.116e+04       2286 -2.745e+05 -5.757e+04 -7.749e+04 -4.017e+05 -4.922e+05  2.567e+04 -1.181e+05  2.747e+04 -1.573e+05 -1.216e+05 -1.531e+04 -4.066e+04 -7.389e+04 -1.282e+04 -6.842e+04 -7.399e+04  2.364e+04 -1.661e+05 -4.113e+04 -1.791e+05 -2.688e+05 -5.718e+04  2.462e+04 -9.294e+04 -2.136e+05 -3.593e+04 -1.905e+05 -7.544e+04 -2.807e+04 -1.395e+05 -1.954e+05 -1.238e+05  2.375e+05 -4.048e+04 -1.417e+05 -1.149e+05 -4.533e+04 -3.982e+04
